1,0.372881463292907,0,0,0,0,0.311463936634068,0,0.283556755244202,0.28700235388186,0,0.32264889665757,0,0.425168264967321,0,0,0,0,0,0,0.340926706386182,0,0,0,0.33119888432009,0.277667036311931,0,0,0,0,0,0,0,0,0,0,0,0,0,0,0,0,0,0,0,0,0.276036218107137,0,0.503133647496958,0,0,0,0,0,0,0,0,0,0,0,0,0,0,0,0.25235304447346,0,0,0,0,0,0,0,0,0.257655504158383,0,0,0,0,0,0,0,0,0,0,0,0,0,0,0,0,0,0,0,0,0,0
0.372881463292907,1,0,0,0,0.263409423391078,0.389146179386795,0.3066901247884,0.32623464018536,0,0.26420804818971,0.392333856510659,0.377603779357661,0,0.449661185380719,0,0,0.554639874614631,0,0.42163214159886,0,0,0,0.604573410444038,0,0.506657633314397,0.568024265696183,0,0,0,0,0.404818494621105,0.615340044664778,0.551467274158441,0.366624855179933,0.381562339987593,0.28289073204773,0.331247743315681,0.604006087637519,0.286299453054591,0,0.370550031056311,0.319915958898137,0,0.307919435248023,0.270244677703896,0,0,0.538918477446472,0.728159330811488,0,0,0,0,0.49948915595791,0.255403534797264,0.496097029984372,0,0,0.46934027870078,0.420278179093775,0,0.39785210957349,0,0,0.595530683816132,0.351495438231877,0.284496843156161,0,0,0,0.28891551766321,0,0.563907339831637,0.539070348090336,0.274353625214588,0,0,0,0,0.670906009786114,0.637605492925898,0.320865262483214,0.407391212377507,0.38038202498926,0,0.467898349127715,0,0,0.277507065141194,0.34665202997288,0,0,0,0,0
0,0,1,0.431428113060631,0,0,0,0,0,0.462390891756946,0,0,0,0,0,0,0.261160334391461,0,0,0,0,0,0,0,0,0,0,0,0,0,0.35572296406305,0,0,0,0,0,0,0,0,0,0,0,0,0.253204963194495,0,0,0,0,0,0,0,0,0,0,0,0,0,0.36080796774725,0,0,0,0,0,0.278188349391675,0,0,0,0,0.355713535502006,0,0,0,0,0,0,0,0,0,0,0,0,0,0,0,0,0,0,0,0,0,0,0,0,0,0,0
0,0,0.431428113060631,1,0.308400797440082,0,0,0.289452191644916,0,0,0,0.286289058711926,0,0,0,0,0,0,0,0,0,0,0,0,0,0,0,0.260214632413829,0,0,0,0,0,0,0,0.368858101623996,0,0,0,0,0,0.281748583335369,0,0,0,0,0,0.340162456452916,0,0,0,0.285630238655163,0,0.337396316543583,0,0,0,0,0,0,0,0,0,0,0,0,0,0.277883685061535,0,0,0,0,0,0,0,0,0,0,0,0,0,0,0,0,0,0,0,0,0,0,0,0,0,0,0,0
0,0,0,0.308400797440082,1,0,0,0,0,0,0.306248009775824,0,0,0.441773179411316,0,0,0,0,0,0,0,0,0.273708148447242,0,0.298851309021153,0,0,0,0.305209191330582,0,0.265778936914331,0,0,0,0,0,0,0,0,0,0,0,0,0,0,0,0.291142456584539,0,0,0,0.457590041372181,0,0.696102023352753,0,0,0,0,0,0,0,0,0.280536022817039,0,0,0,0,0,0,0,0,0,0,0.27623778814788,0,0,0,0.262664069145787,0,0.302281039850601,0,0,0,0,0,0,0,0,0,0,0,0,0,0,0,0,0.250832087115586
0,0.263409423391078,0,0,0,1,0,0.267306809511572,0.258805786153215,0,0,0,0,0,0.543248811096962,0,0,0,0,0.62244461683002,0,0,0,0.336396077666031,0,0.336811267044227,0.270300742896475,0,0,0,0,0,0,0.344932138858162,0,0,0,0,0,0,0,0,0,0,0,0,0,0.398258395706135,0,0,0,0.409904930324766,0,0.65081647356122,0,0.2736264703832,0.342406456243915,0,0,0,0,0,0.529638547806307,0,0,0,0,0.365284469077371,0,0,0,0,0.250200374485732,0,0.311367142031207,0,0.35388788075047,0.278740960770715,0,0,0,0.340885739717977,0.286289242735126,0,0,0,0.496511173342652,0,0,0,0,0,0,0,0,0
0.311463936634068,0.389146179386795,0,0,0,0,1,0,0.394216031377191,0,0,0,0.327107795113043,0.249634745202394,0,0,0,0,0,0,0,0.318639740375306,0,0,0.352845116262902,0,0.279223311399993,0,0,0,0,0,0,0,0,0,0,0,0,0,0,0,0,0,0,0,0.273888554710589,0,0,0,0,0,0,0,0.304257388377133,0,0,0,0,0,0,0,0,0,0,0,0,0,0,0.275365184986107,0,0,0,0.293984845513987,0,0,0,0,0,0,0,0,0,0,0,0,0,0,0,0,0,0.303634963734697,0,0,0.267083719185348,0
0,0.3066901247884,0,0.289452191644916,0,0.267306809511572,0,1,0,0,0.291957328643535,0.431649318909701,0,0,0,0.28331908304803,0,0.646702507945735,0.416037920521468,0.340200543140304,0,0,0,0.54921916059424,0,0,0,0.407899601205293,0,0,0,0,0.550686571253354,0.341192647172159,0.295394006458551,0.342056361526619,0,0,0.397030036308963,0,0.345555260473079,0,0,0,0,0,0,0.365797826946614,0,0.414452184567637,0,0,0,0.46730712774618,0,0.453531090257985,0,0,0,0.326775152641211,0.32915464622306,0,0.250622495771815,0.417768501203721,0,0.385341189345357,0,0.296420951918661,0,0.36255608741597,0,0.321206791241769,0,0,0,0,0,0,0,0,0.40363934447593,0.307949241365058,0,0.467778436399511,0.349790419458848,0.315870489288403,0.286563781581452,0,0,0,0,0,0.350896261661201,0,0,0
0.283556755244202,0.32623464018536,0,0,0,0.258805786153215,0.394216031377191,0,1,0,0,0,0.509606243500129,0,0,0,0,0,0.297788675989637,0,0.406979560389926,0.279287933479057,0.291562313084171,0,0.286188224244009,0,0,0,0,0,0,0,0,0,0,0,0,0,0,0,0,0,0,0,0,0,0,0,0.374810112222338,0,0,0,0,0,0,0,0,0,0,0,0.381985481020573,0,0,0,0.293570933607976,0,0.496713525793217,0,0,0,0.28964856317115,0,0,0,0,0,0,0,0,0.280857015554319,0,0,0,0,0,0,0,0,0,0,0,0,0,0,0,0
0.28700235388186,0,0.462390891756946,0,0,0,0,0,0,1,0,0,0,0.393587312509298,0,0.599348310937719,0,0.302735253086704,0.299401071141403,0,0.409532578586415,0.280509786605156,0,0,0,0.395108008634087,0,0,0,0,0.311196545934649,0,0,0,0,0,0,0,0,0,0,0,0,0,0,0,0,0,0,0,0,0,0,0,0,0,0.347900912487569,0.511094545927601,0,0,0,0,0,0.457433765953637,0.284782419282856,0,0,0,0.473167171319924,0,0,0,0,0.358577703283053,0,0,0,0,0,0,0,0,0,0,0,0,0,0,0,0,0,0,0.253793111489108,0,0,0
0,0.26420804818971,0,0,0.306248009775824,0,0,0.291957328643535,0,0,1,0.437630596003656,0,0,0,0,0,0.363704695843347,0,0.256659190429449,0,0,0,0.361924798344217,0,0,0,0.367908919973331,0,0,0,0,0.290058313896243,0,0.325933478140234,0,0,0.267351756060481,0.297025176374658,0.360775056163863,0,0,0,0.445305283438716,0,0,0,0,0.274717235520252,0.406707422693832,0,0,0,0,0,0,0,0,0.253266122308066,0.333520786996083,0.349320898696235,0,0,0.444716954748197,0,0.258054276461244,0,0.292071789741619,0.297234264066818,0,0,0.34605474402717,0,0,0,0.322775608231678,0,0,0,0,0.325393530895183,0,0,0,0,0.301353004669573,0,0,0,0.326936467478892,0.264133158012373,0,0,0,0,0
0.32264889665757,0.392333856510659,0,0.286289058711926,0,0,0,0.431649318909701,0,0,0.437630596003656,1,0,0,0,0,0,0.7147567449937,0,0,0,0,0,0.262890706595947,0,0,0,0.377675168797635,0.301206639342734,0,0,0,0.651685878396534,0,0,0,0,0.341591227972035,0.338838264921833,0.307845262359755,0.296776965657811,0,0,0.263593447204048,0,0,0,0,0.281954380896123,0.520785066592782,0.289696308636133,0,0.474601884416053,0,0.470210870771862,0,0,0,0,0.519199922268787,0.339429595253684,0,0,0.364997658020247,0,0.334626157678537,0,0,0,0,0,0,0.270534078356757,0,0,0,0.390947828761754,0,0,0,0.546731006765319,0,0,0.265347798616836,0,0.451597569781733,0,0,0,0,0.250531820778606,0,0,0.32571838119409,0,0
0,0.377603779357661,0,0,0,0,0.327107795113043,0,0.509606243500129,0,0,0,1,0.266837359833161,0,0,0,0,0,0,0.33436610760226,0.343183111312747,0,0,0.313717921410774,0,0,0,0,0,0,0.274690777474271,0,0,0,0,0,0,0,0.425719838058904,0.328736768149875,0,0,0,0,0,0,0,0.388705759807759,0.376964796164486,0,0,0,0,0.314187275757681,0,0.282036405381721,0,0,0,0.712663664297479,0.340731088242787,0,0,0.32519033536694,0.337543255612342,0.526559426108049,0,0,0,0.299886606031521,0.483106604861069,0.354804549822182,0,0,0,0,0.257015080082899,0,0.36036803566742,0,0,0,0,0,0,0,0,0,0,0,0,0,0.269307463402441,0,0
0.425168264967321,0,0,0,0.441773179411316,0,0,0,0,0.393587312509298,0,0,0.266837359833161,1,0,0.308931329243453,0,0,0.453204497066415,0,0.423625080462477,0,0.2837310622156,0,0.56131402814642,0,0,0.275724923057676,0.4434685502948,0.353912940791181,0.296724782630253,0.325056178293622,0,0,0,0,0.329295330587583,0,0,0.415665482453813,0,0,0,0,0,0,0.295341057750588,0,0.283903163673498,0,0,0.255388222590379,0.407868600496004,0,0,0.256061375172098,0,0,0,0,0,0.548814586158198,0.295482214324152,0,0.273653519454634,0,0,0,0,0,0.316190050596218,0,0.552357910165684,0,0,0,0.396237816552635,0.407502870297664,0,0.350484957972746,0,0,0,0,0,0,0,0,0,0.261424711068942,0,0,0,0,0,0.335980552698304
0,0.449661185380719,0,0,0,0.543248811096962,0,0,0,0,0,0,0,0,1,0,0,0,0,0.773121632552448,0,0.289107385004429,0,0.541574659748557,0,0.644859583444687,0.682373578718204,0.293754822208171,0,0,0,0,0,0.523858126541206,0.584730244718283,0,0,0,0.547556890399758,0,0,0,0,0,0.311885179480136,0,0,0,0,0.289907130507783,0,0,0,0.347724729874921,0,0.334640224736839,0.355005741664123,0,0,0,0,0.298812394655783,0.772780024382393,0,0,0,0.294397424542128,0.633402459904974,0,0,0.295352102042851,0,0,0.572426347972629,0.730053140367319,0.285712521274791,0.258133909975886,0,0.250684411187671,0,0,0.546002623865557,0.688218627851552,0,0.282586726565854,0,0.713994761040256,0,0,0,0.27630680117124,0,0,0,0,0
0,0,0,0,0,0,0,0.28331908304803,0,0.599348310937719,0,0,0,0.308931329243453,0,1,0,0.347505852880049,0.367733328768919,0,0.375677598857254,0,0.30443150685987,0,0.343451176932052,0.317572700739621,0.285544403794189,0,0,0,0,0,0.297252961369196,0,0,0,0,0,0,0,0.316455199121331,0,0,0,0,0,0,0,0,0,0,0,0,0,0.278529607130668,0,0,0.319488508731461,0,0.311246971782683,0,0,0,0.461774644813163,0.273068108952932,0.264856032160902,0,0,0.256545616693897,0,0,0,0,0.265266828059087,0,0,0,0,0,0,0.271648881183507,0,0,0.318616225262835,0,0,0,0,0,0,0,0,0.320551341190139,0,0,0.273640479124725
0,0,0.261160334391461,0,0,0,0,0,0,0,0,0,0,0,0,0,1,0,0,0,0.356190231324627,0,0,0,0.269140036501005,0,0,0,0,0,0,0,0,0,0,0,0,0,0,0,0,0,0,0,0,0,0,0,0,0,0,0.26537308473354,0,0,0,0,0,0,0,0.296861142966074,0,0,0,0,0.275071867745045,0,0,0,0,0,0,0,0,0,0,0,0,0,0,0,0,0,0,0,0,0,0,0,0,0,0,0,0,0,0,0
0,0.554639874614631,0,0,0,0,0,0.646702507945735,0,0.302735253086704,0.363704695843348,0.7147567449937,0,0,0,0.347505852880049,0,1,0.276293633929759,0,0,0.28517893417138,0,0.565936792027708,0,0,0,0,0,0,0,0,0.813590475077254,0.25225480962482,0.341489381817657,0.349494462724974,0,0.413108300508239,0.554178167645496,0.269748260686902,0.39726759112397,0,0,0,0,0,0,0,0,0.614695119353877,0,0,0.280732724695416,0,0.420737444788165,0.368181349624362,0,0,0,0.631781437062898,0.346977787263361,0,0,0.488476852836991,0,0.642321074143546,0,0,0,0,0,0.369532000898347,0,0,0,0.269693622878921,0,0,0,0,0.707999529997767,0.313539478962595,0,0.432507956844046,0,0.331112726206122,0,0,0,0,0.310862315420578,0,0.290266134670669,0,0,0
0,0,0,0,0,0,0,0.416037920521468,0.297788675989637,0.299401071141402,0,0,0,0.453204497066415,0,0.367733328768919,0,0.276293633929759,1,0,0.284912239677849,0.419414121926773,0.671844558779432,0.267229194637339,0.333541747642129,0,0,0,0,0,0.255731965233214,0,0,0,0,0,0,0,0,0,0,0,0,0,0,0,0,0.266235437311879,0,0,0,0,0,0.306672001089003,0,0.301343417687234,0,0,0,0.414159220299351,0,0.255279395991303,0,0,0,0.325612656873396,0.454836597451053,0.251839488471376,0,0,0.484127562414033,0,0.27449673371651,0,0,0,0,0.271116942655595,0.316944485320987,0,0.315320966772051,0,0,0.344147155706061,0,0,0,0,0,0,0,0.265135212789014,0.30342044523732,0,0,0.399836033419614
0,0.42163214159886,0,0,0,0.62244461683002,0,0.340200543140304,0,0,0.256659190429449,0,0,0,0.773121632552448,0,0,0,0,1,0,0,0,0.579400703126851,0,0.471524068559595,0.505707133959398,0.468691327045297,0,0,0,0,0,0.428698031360097,0.525394598389514,0,0,0,0.581022016585376,0,0,0,0,0,0.37805210531613,0,0,0.342574838760319,0,0.381890104465998,0,0.439792660764138,0,0.512414999471926,0,0.432725244193324,0.413069642183285,0,0,0,0,0,0.732985655279933,0,0,0,0.343245610731126,0.551143798937639,0,0.316294870010979,0,0.330347423569768,0,0.481539837589144,0.571087255986631,0.269207430825993,0,0,0.28124562201038,0,0.32206089831188,0.404984763702801,0.588096241445377,0,0.288118396035075,0,0.627357541901699,0,0,0,0,0,0,0,0,0.332293098330011
0.340926706386182,0,0,0,0,0,0,0,0.406979560389926,0.409532578586415,0,0,0.33436610760226,0.423625080462477,0,0.375677598857254,0.356190231324627,0,0.284912239677849,0,1,0,0.33536244402341,0,0.602427111571908,0.475183675765855,0,0,0,0,0,0.263751086159409,0,0,0,0,0,0,0,0.279283792448898,0,0,0,0,0,0.345015311847254,0.2788846895365,0,0,0,0,0,0,0,0,0,0.267104637234273,0,0,0,0,0,0,0,0,0,0.409720488474105,0,0.273696790264626,0,0,0,0.41908741480113,0.379381719585959,0,0,0,0,0.349368318013453,0.283137053942569,0,0,0,0,0,0,0,0,0,0.375780963760056,0,0.281845584327073,0,0,0,0
0,0,0,0,0,0,0.318639740375306,0,0.279287933479057,0.280509786605156,0,0,0.343183111312747,0,0.289107385004429,0,0,0.28517893417138,0.419414121926773,0,0,1,0.488972410686943,0,0,0,0,0.280541911443697,0,0,0,0.280716507293754,0.342917439927715,0,0,0,0,0,0,0.276000804945893,0,0,0,0,0,0.294909152401643,0,0,0,0,0,0,0,0,0,0,0,0,0.38416897734912,0.272569329042788,0,0.297585722393602,0,0,0,0,0.560247574264962,0,0,0.449862273719468,0.632171490281504,0,0.329780720334599,0,0,0,0,0.352317924932651,0.304550230146943,0.416907827867724,0,0,0.37683072860435,0,0,0,0,0.400869375706378,0,0,0,0,0,0,0,0.260448978011889
0,0,0,0,0.273708148447243,0,0,0,0.291562313084171,0,0,0,0,0.2837310622156,0,0.30443150685987,0,0,0.671844558779432,0,0.33536244402341,0.488972410686943,1,0,0.367151596076775,0,0,0,0.268899788505572,0,0,0,0,0,0,0,0,0,0,0,0,0,0,0,0,0,0,0,0,0.25366941096667,0,0.272531535444979,0,0,0.273804102983114,0,0.28643806655998,0,0,0.310977346803541,0,0.281713093934607,0,0,0,0,0.575676214489895,0,0,0,0.598523510679884,0,0.403052058911414,0,0,0.276365287774626,0,0.264162667527127,0.456069243217596,0.333216952363224,0.30461996293375,0,0,0,0,0,0,0.344389443268829,0,0,0,0,0,0,0,0.424080744322535
0,0.604573410444038,0,0,0,0.336396077666031,0,0.54921916059424,0,0,0.361924798344217,0.262890706595947,0,0,0.541574659748557,0,0,0.565936792027708,0.267229194637339,0.579400703126851,0,0,0,1,0,0.386234668288346,0.470248922566147,0.458014316050077,0,0,0,0.264477603632397,0.542930632218517,0.602535495487542,0.593922314264152,0.456695272514059,0.381579349236544,0.451403420048351,0.802295511946339,0.299564964078497,0.31161068674738,0.391790159958669,0,0,0.366507404754506,0,0,0,0,0.676039550478342,0,0,0,0.420579268199363,0.319847158024002,0.540838423349644,0.401986707367039,0,0,0.319456243938567,0,0,0.470386686682252,0,0.261666107474397,0.410309934191427,0.281495733992259,0.486865393329708,0,0,0,0.475709183382297,0,0.394438415201687,0.477414095129832,0.361040737794506,0,0,0,0,0.637187756404678,0.692309998548945,0.527733516982662,0.548864083452269,0.499504807329807,0,0.521853804124706,0,0,0,0.401279210824618,0,0.320558191010615,0,0,0.380967617600347
0.33119888432009,0,0,0,0.298851309021153,0,0.352845116262902,0,0.286188224244009,0,0,0,0.313717921410774,0.561314028146419,0,0.343451176932052,0.269140036501005,0,0.333541747642129,0,0.602427111571908,0,0.367151596076775,0,1,0.250523674011313,0,0,0.438712398204765,0.357726142085457,0.305245515215742,0.47364283154478,0,0,0,0,0.301004787292032,0,0,0.414889130919567,0.310503166008344,0,0,0,0,0,0.363318099058598,0,0,0,0,0.256143253085561,0,0,0,0,0,0,0,0,0,0.31540287342236,0,0,0,0,0.337803441648031,0,0,0,0.291055430634434,0,0.470069017517776,0.276948522069738,0,0,0,0.365471611501709,0.276646659136476,0.373787932936515,0,0,0,0,0,0.28506928773598,0,0,0.267996849438834,0,0,0,0,0,0,0.32790839137454
0.277667036311931,0.506657633314398,0,0,0,0.336811267044227,0,0,0,0.395108008634088,0,0,0,0,0.644859583444687,0.317572700739621,0,0,0,0.471524068559595,0.475183675765855,0,0,0.386234668288346,0.250523674011313,1,0.705587584079774,0,0,0,0,0,0,0.523636985410539,0.483871675480348,0,0.311449480154478,0,0.432545550586776,0,0,0,0,0,0,0,0,0,0.297135226524855,0.336649344369568,0,0,0,0,0,0,0.430023926787638,0.340336367014774,0,0,0,0,0.451595203073885,0,0,0,0.362926473105066,0.407906518552274,0,0,0.328519436823039,0,0,0.770533753753758,0.732200189866201,0,0,0,0.41496271797971,0,0.303466759450912,0.514435369716217,0.467729450010856,0,0.2602482540327,0,0.438038022540795,0,0,0.321514023404004,0.258097799063908,0,0,0,0,0
0,0.568024265696183,0,0,0,0.270300742896475,0.279223311399994,0,0,0,0,0,0,0,0.682373578718204,0.285544403794189,0,0,0,0.505707133959398,0,0,0,0.470248922566147,0,0.705587584079774,1,0,0,0,0,0,0,0.740515479562715,0.32418074493376,0.410360030396647,0.482147772106397,0,0.485058510685662,0,0,0.325550046738478,0,0,0,0,0,0,0,0.32614010569821,0,0,0,0,0,0,0.369614240273241,0.403521605592373,0,0,0,0,0.549341061792589,0,0,0.28947100131514,0.352186139548622,0.461218835066879,0,0,0.374072026392469,0,0,0.75998223618164,0.919969662236445,0.403821825057599,0,0,0.366047667639504,0,0.408253212344047,0.709469362562186,0.502760608637887,0.333094563879313,0.534283212287665,0,0.60776704033387,0,0,0,0.27175148095174,0,0,0,0,0
0,0,0,0.260214632413829,0,0,0,0.407899601205293,0,0,0.367908919973331,0.377675168797635,0,0.275724923057676,0.293754822208171,0,0,0,0,0.468691327045297,0,0.280541911443697,0,0.458014316050078,0,0,0,1,0.338786500698468,0,0,0.264330550861722,0.361793935594904,0.422407884260843,0.376700219375925,0.333785223118987,0.47575393194461,0,0.478246940247216,0.319506036212213,0,0.336405646750373,0,0,0.331520623132759,0,0,0,0,0.342156530824203,0.315382313048697,0,0.388669526165141,0,0.251095462363987,0,0,0,0,0,0.269744801867037,0.524009449160271,0,0,0,0,0.377835513635296,0.395244658153714,0,0.262507499592249,0.340470010987129,0.325437026634148,0.383591091178224,0,0.277534478459283,0.60052744644992,0.397633319539948,0,0,0.261294615453289,0.360030851466761,0.382073406956659,0.358710065260163,0.328571457042145,0.456237586630557,0.295855355838272,0.301180821769224,0,0,0.275960003011248,0,0,0,0.292445157212682,0,0
0,0,0,0,0.305209191330582,0,0,0,0,0,0,0.301206639342734,0,0.4434685502948,0,0,0,0,0,0,0,0,0.268899788505572,0,0.438712398204765,0,0,0.338786500698468,1,0.249835351436031,0,0.285753654680215,0.271645933159323,0,0,0,0.254418312831119,0,0.28994315717755,0.453789754398149,0,0,0,0,0,0,0,0,0,0,0,0,0.377118171084526,0,0,0,0,0,0,0.272783834092726,0,0.429085048902252,0,0,0,0,0,0,0,0,0,0,0.502517450312801,0,0,0.277967244604217,0.480749022577238,0,0,0,0,0,0,0,0,0,0,0.35696612602701,0,0,0,0,0,0,0,0
0,0,0,0,0,0,0,0,0,0,0,0,0,0.353912940791181,0,0,0,0,0,0,0,0,0,0,0.357726142085457,0,0,0,0.249835351436031,1,0,0.710096957122759,0.319139134882711,0,0,0,0.290285893535673,0.523800023648694,0,0.496996592238103,0.674381906452169,0,0,0,0,0,0,0,0,0.261976383586363,0,0,0,0,0.369917788179272,0,0,0,0,0,0.278837684702416,0.48038176589079,0,0.323846871792537,0,0,0,0,0,0,0,0,0.409921715184944,0,0,0,0.348011127914143,0.584327811670802,0,0.477726083650688,0.260962201430905,0,0,0.341619453403788,0.340836709413079,0.329408151726768,0,0.334139010695393,0.373930557127964,0,0,0,0,0,0,0
0,0,0.35572296406305,0,0.265778936914331,0,0,0,0,0.311196545934649,0,0,0,0.296724782630253,0,0,0,0,0.255731965233214,0,0,0,0,0,0.305245515215742,0,0,0,0,0,1,0,0,0,0,0,0,0,0,0,0,0,0,0,0,0,0,0,0,0,0,0,0,0,0,0,0,0,0,0,0,0,0,0.278041711153432,0,0,0,0,0,0,0,0,0,0.276550193398881,0,0.37807490082358,0,0.265549713590229,0,0,0,0,0.251843113906318,0,0,0,0,0,0,0,0,0,0,0,0,0
0,0.404818494621105,0,0,0,0,0,0,0,0,0,0,0.274690777474271,0.325056178293622,0,0,0,0,0,0,0.263751086159409,0.280716507293754,0,0.264477603632397,0.47364283154478,0,0,0.264330550861722,0.285753654680215,0.710096957122759,0,1,0.266451146190636,0.256713798915922,0.357154823131953,0,0.374146509649856,0.532459244208896,0.425239505216919,0.681981925667861,0.597402476541633,0,0,0,0.396778610866872,0,0,0,0,0.258085521667565,0,0,0,0,0,0,0,0,0.271053261074323,0,0.278291047546383,0,0,0,0,0,0.316543229032662,0,0,0.345374001034725,0.358310901142954,0.354842158560983,0.383403913964757,0,0,0,0,0.532492899899518,0,0.659173931572646,0,0.301013779257153,0.341636250047964,0.32783594335085,0.437226526132255,0.344292104008249,0,0.477088793394773,0.425000239817294,0,0,0,0,0,0,0
0,0.615340044664779,0,0,0,0,0,0.550686571253354,0,0,0.290058313896243,0.651685878396534,0,0,0,0.297252961369196,0,0.813590475077254,0,0,0,0.342917439927715,0,0.542930632218517,0,0,0,0.361793935594904,0.271645933159323,0.319139134882711,0,0.266451146190636,1,0.36210541560211,0.314655867558385,0.589516976427665,0.311810724133849,0.367627404383474,0.611225219285422,0.264029886773501,0.388510508375658,0.288360068245723,0,0,0,0,0,0,0,0.618527700792059,0,0,0.325010238632873,0,0.459149129487784,0.251643541744794,0,0,0,0.55604271514138,0.287579559264405,0,0,0.401049076907896,0,0.543393108895449,0,0,0,0,0,0.262979736520388,0,0,0,0.313955255689132,0.31852157433124,0,0,0,0.766732539083908,0.429492656317443,0,0.546194108716666,0.396674944968019,0.419396017527188,0,0,0,0,0.302321363770802,0,0,0,0,0
0,0.551467274158441,0,0,0,0.344932138858162,0,0.341192647172159,0,0,0,0,0,0,0.523858126541206,0,0,0.25225480962482,0,0.428698031360097,0,0,0,0.602535495487542,0,0.523636985410539,0.740515479562715,0.422407884260843,0,0,0,0.256713798915922,0.36210541560211,1,0.368602729982822,0.601426497985211,0.647970490221112,0,0.510003581300188,0,0,0.433027410411259,0,0,0.285057539029727,0,0,0,0.277133098147539,0.509940767113718,0,0,0,0.299598957509805,0,0.349863682109824,0.343848741922495,0,0,0.278571467820183,0.278814241306055,0,0.432657028823233,0,0,0.385045842392693,0.270300420125435,0.486053762403186,0,0,0,0,0,0.482655389632713,0.66269200834343,0.30384032816266,0,0,0,0,0.589550652423316,0.845464024650646,0.431822933704036,0.629427745560535,0.703859496578178,0,0.575226774173261,0,0,0,0.344536578419318,0,0,0,0.271496368442577,0
0,0.366624855179933,0,0,0,0,0,0.295394006458551,0,0,0.325933478140234,0,0,0,0.584730244718283,0,0,0.341489381817657,0,0.525394598389514,0,0,0,0.593922314264152,0,0.483871675480348,0.32418074493376,0.376700219375925,0,0,0,0.357154823131953,0.314655867558385,0.368602729982822,1,0.309014454138797,0.258158210876116,0.402386167841079,0.659591725821018,0.413158336418364,0,0,0,0,0,0,0,0,0,0.398146661697272,0,0,0,0,0,0.455664486382925,0,0,0.271252331843415,0.321558367421805,0,0,0.524083124228375,0,0.30612538069138,0,0.340446217663089,0.556560648395556,0,0,0.336011124329613,0.3139035691675,0,0.413614760860304,0.433083089579754,0.465428515753353,0,0,0.290176072549142,0,0.341911172637232,0.471127388139722,0.723998058868276,0.294139870065947,0.259994763087067,0,0.417045994742934,0.268109999744797,0,0,0,0.328043277961498,0.29643854415934,0,0,0
0,0.381562339987593,0,0.368858101623996,0,0,0,0.342056361526619,0,0,0,0,0,0,0,0,0,0.349494462724974,0,0,0,0,0,0.456695272514059,0,0,0.410360030396647,0.333785223118987,0,0,0,0,0.589516976427665,0.601426497985211,0.309014454138797,1,0.732759762595887,0,0.423971835105263,0,0,0.445917422357644,0,0,0,0,0,0,0,0.345888979518619,0,0,0,0,0.303873187057872,0.303347264256264,0,0,0,0,0,0,0,0,0,0,0,0.374738457743931,0,0,0,0,0,0,0.296282913325341,0.358284677691294,0,0,0,0,0.59077923249979,0.569965662847545,0,0.742367705036787,0.68645935756023,0,0.298337954506718,0,0,0,0,0,0,0,0,0
0,0.28289073204773,0,0,0,0,0,0,0,0,0,0,0,0.329295330587583,0,0,0,0,0,0,0,0,0,0.381579349236544,0.301004787292032,0.311449480154478,0.482147772106397,0.47575393194461,0.254418312831119,0.290285893535673,0,0.374146509649856,0.311810724133849,0.647970490221112,0.258158210876116,0.732759762595887,1,0,0.380142814051048,0,0.283837377834306,0.388632529816835,0,0,0,0,0,0,0,0.249771038745632,0,0,0,0,0,0,0,0,0,0,0,0.317106595928618,0,0,0,0,0.317345423375337,0.274983084694942,0,0.262754861889788,0.283611613626113,0,0.374890127952557,0.291782245689949,0.338633192189352,0.369661206710531,0,0.308592829686349,0.288280457555584,0,0.314566116599518,0.542372408285295,0.336096072704867,0.593339843909214,0.760430367676703,0.319507580170878,0.270159805853381,0,0.357759353741448,0,0,0,0,0,0,0
0,0.331247743315682,0,0,0,0,0,0,0,0,0.267351756060481,0.341591227972035,0,0,0,0,0,0.41310830050824,0,0,0,0,0,0.451403420048352,0,0,0,0,0,0.523800023648695,0,0.532459244208896,0.367627404383474,0,0.402386167841079,0,0,1,0.522076060866911,0.543543449528816,0.52490250277945,0,0,0,0,0,0,0,0,0.434035848804748,0,0,0.345898958985494,0,0,0,0,0,0.28666938078488,0.376788440788655,0.29359647845772,0,0,0.318074304510161,0,0.260441142403333,0,0,0,0,0,0.285240067756691,0,0,0,0,0,0.289909715097297,0,0.292181279656823,0.395926234258077,0,0.28031534113895,0.347350798701773,0,0.384662780478423,0,0.373065876052753,0,0,0,0.27798087852992,0,0,0,0.343462161952273
0,0.604006087637519,0,0,0,0,0,0.397030036308963,0,0,0.297025176374659,0.338838264921833,0,0,0.547556890399758,0,0,0.554178167645496,0,0.581022016585376,0,0,0,0.802295511946339,0,0.432545550586776,0.485058510685662,0.478246940247216,0.28994315717755,0,0,0.425239505216919,0.611225219285422,0.510003581300188,0.659591725821017,0.423971835105263,0.380142814051048,0.522076060866911,1,0.417772847390917,0.314360345659102,0,0,0,0.351404782838089,0,0,0,0,0.588674932985618,0,0,0.269073219575594,0,0,0.35418430324619,0.369183182468801,0.263286247254282,0,0.407864673138859,0,0,0.446435387019764,0,0.340582851422658,0.489010186743494,0.35047106501042,0.443911847048955,0,0.276362767021759,0.301872433844537,0.360018940244767,0.275488180471989,0.423771013965906,0.51493982656212,0.457975821436113,0,0,0,0,0.658739145923749,0.597862111290697,0.622391127622903,0.51736313967975,0.522730312934698,0,0.568011636784607,0.32648363939719,0,0.265959299845069,0.292756376353506,0,0,0,0,0.28637115263936
0,0.286299453054591,0,0,0,0,0,0,0,0,0.360775056163863,0.307845262359755,0.425719838058904,0.415665482453813,0,0,0,0.269748260686902,0,0,0.279283792448898,0.276000804945893,0,0.299564964078497,0.414889130919567,0,0,0.319506036212213,0.453789754398149,0.496996592238103,0,0.681981925667861,0.264029886773501,0,0.413158336418364,0,0,0.543543449528816,0.417772847390917,1,0.636445493500479,0,0.315820919792872,0,0.310196367494678,0,0,0,0,0.31515669480124,0.26220476428125,0,0.284549165692774,0,0,0,0,0,0.511511933274917,0.4026357179232,0.32930370050135,0.473750012477066,0,0,0,0.269188878443124,0.318385856057731,0,0,0.301956904464994,0.409717147931276,0.441207385671425,0.490174875879149,0,0,0,0.383107927188965,0.525400137949791,0,0.60405434381985,0.266749527370045,0,0.327598197043868,0.34202362964224,0.286282040210599,0.451582774218073,0,0.732361029840199,0.397574837460916,0,0,0,0.266346350802308,0.280458039789225,0,0
0,0,0,0,0,0,0,0.345555260473079,0,0,0,0.296776965657811,0.328736768149875,0,0,0.316455199121331,0,0.39726759112397,0,0,0,0,0,0.31161068674738,0.310503166008344,0,0,0,0,0.674381906452169,0,0.597402476541633,0.388510508375658,0,0,0,0.283837377834306,0.52490250277945,0.314360345659102,0.636445493500479,1,0,0,0,0,0,0,0,0,0.372056919090998,0,0,0,0,0.319959083525166,0.259291752874511,0,0,0,0.33116358080238,0.478446521320273,0.420088834610479,0,0.471296184805188,0,0,0,0,0,0.255196177712432,0,0.362241627528017,0.446338277418825,0,0,0,0.276806133789961,0.333877497193408,0,0.341436675904628,0.287836634425706,0,0,0.439926220878717,0.265104295653371,0.468447716297495,0,0.440738250975137,0.406637394992594,0,0,0,0.346773838020261,0,0,0
0,0.370550031056311,0,0.281748583335369,0,0,0,0,0,0,0,0,0,0,0,0,0,0,0,0,0,0,0,0.391790159958669,0,0,0.325550046738478,0.336405646750373,0,0,0,0,0.288360068245723,0.433027410411259,0,0.445917422357644,0.388632529816835,0,0,0,0,1,0.299169296391404,0.331423322337308,0,0.419848057207494,0,0.26011069115056,0,0.3687131311298,0,0,0,0,0.337216443843234,0.261592859447546,0,0,0,0,0,0,0,0,0,0.276377226195471,0,0.280024789098953,0,0,0,0,0,0.263885564732323,0,0.277707008541804,0,0,0,0,0.453907083473649,0.496501531946464,0,0.403103600608132,0.411606936672384,0,0,0,0,0.488631500969506,0.341029148802744,0,0,0.325712956368609,0,0
0,0.319915958898137,0,0,0,0,0,0,0,0,0,0,0,0,0,0,0,0,0,0,0,0,0,0,0,0,0,0,0,0,0,0,0,0,0,0,0,0,0,0.315820919792872,0,0.299169296391404,1,0,0.309358581354122,0,0,0,0,0.314580225329901,0,0,0,0,0,0,0,0,0,0,0,0.352279426343169,0,0,0,0,0,0.394487932501987,0,0.327005540121065,0,0,0,0,0,0,0.270014778973935,0.353659269778825,0,0.316126692019359,0,0.315785116221932,0,0,0,0,0,0.398352956110775,0.282862347799987,0.293227027193233,0.628100911912266,0,0,0,0,0
0,0,0.253204963194495,0,0,0,0,0,0,0,0.445305283438716,0.263593447204048,0,0,0,0,0,0,0,0,0,0,0,0,0,0,0,0,0,0,0,0,0,0,0,0,0,0,0,0,0,0.331423322337308,0,1,0,0,0,0,0,0,0,0,0,0,0,0,0,0,0,0,0,0,0.259458499353048,0,0.265891463693276,0,0,0,0,0,0,0,0,0,0,0,0,0,0,0,0,0,0,0,0,0,0,0,0,0.321492769854254,0,0,0,0,0,0
0,0.307919435248023,0,0,0,0,0,0,0,0,0,0,0,0,0.311885179480136,0,0,0,0,0.37805210531613,0,0,0,0.366507404754506,0,0,0,0.331520623132759,0,0,0,0.396778610866872,0,0.285057539029727,0,0,0,0,0.351404782838089,0.310196367494678,0,0,0.309358581354122,0,1,0.25572338563856,0,0,0,0.391505789847412,0,0,0,0,0,0.303829663807996,0.318509117823491,0,0.309250472171944,0,0,0,0.324695309296795,0,0,0,0,0.366189126756865,0,0,0,0.540606783467527,0,0,0.256410368826809,0,0,0,0,0,0.292311578239981,0.367260457318316,0.336951744421338,0,0.358069437783633,0,0.405846252478562,0.272342081790545,0,0.363688927793509,0.27211277276021,0,0.290094302736711,0,0,0.254776975023017
0,0.270244677703896,0,0,0,0,0,0,0,0,0,0,0,0,0,0,0,0,0,0,0.345015311847254,0.294909152401643,0,0,0,0,0,0,0,0,0,0,0,0,0,0,0,0,0,0,0,0.419848057207494,0,0,0.25572338563856,1,0,0.267166520624283,0.346596631698556,0.29020554274257,0.344702623274675,0,0,0,0,0,0.349952386065979,0,0,0,0,0,0.288448990900561,0,0,0.371733319211752,0.333277374978377,0,0,0.451403166903925,0,0.356022877750143,0,0,0,0.254828144455621,0,0,0,0,0.270994437972871,0.332526922131396,0,0,0,0,0,0,0,0,0,0,0,0.437601827056146,0,0
0.276036218107137,0,0,0,0.291142456584539,0,0.273888554710589,0,0,0,0,0,0,0.295341057750588,0,0,0,0,0,0,0.2788846895365,0,0,0,0.363318099058598,0,0,0,0,0,0,0,0,0,0,0,0,0,0,0,0,0,0,0,0,0,1,0,0,0,0,0,0,0,0,0,0,0,0,0,0,0,0,0,0,0,0,0,0,0,0,0,0,0,0,0,0,0,0,0,0,0,0,0,0,0,0,0,0,0,0,0,0,0,0,0.313854062638391
0,0,0,0.340162456452916,0,0.398258395706135,0,0.365797826946614,0,0,0,0,0,0,0,0,0,0,0.266235437311879,0.342574838760318,0,0,0,0,0,0,0,0,0,0,0,0,0,0,0,0,0,0,0,0,0,0.26011069115056,0,0,0,0.267166520624283,0,1,0,0,0,0.435439145277044,0,0.452687545529695,0,0.358491662576591,0,0,0,0,0,0,0,0,0,0,0,0.309503356963327,0,0,0,0,0,0,0,0,0,0,0,0,0,0,0,0.310328389260902,0,0,0,0,0,0,0.261945208620715,0,0,0.292869336215765,0,0.254181376492202
0.503133647496958,0.538918477446472,0,0,0,0,0,0,0.374810112222338,0,0.274717235520252,0.281954380896123,0.388705759807759,0.283903163673498,0,0,0,0,0,0,0,0,0,0,0,0.297135226524855,0,0,0,0,0,0,0,0.277133098147539,0,0,0,0,0,0,0,0,0,0,0,0.346596631698556,0,0,1,0.48107379443854,0,0,0,0,0.25251720048724,0,0.364358910369878,0,0,0.375851201153007,0.318137151258676,0,0,0,0.29404907354478,0.421399515968413,0,0,0,0,0,0,0,0.375501927856968,0,0,0,0,0,0,0,0.365541104732467,0,0,0,0,0,0,0,0,0,0,0,0,0,0
0,0.728159330811488,0,0,0,0,0,0.414452184567637,0,0,0.406707422693832,0.520785066592782,0.376964796164486,0,0.289907130507783,0,0,0.614695119353877,0,0.381890104465998,0,0,0.25366941096667,0.676039550478342,0,0.336649344369568,0.32614010569821,0.342156530824203,0,0.261976383586363,0,0.258085521667565,0.618527700792059,0.509940767113718,0.398146661697272,0.345888979518619,0.249771038745632,0.434035848804748,0.588674932985618,0.31515669480124,0.372056919090998,0.3687131311298,0.314580225329901,0,0.391505789847412,0.29020554274257,0,0,0.48107379443854,1,0.351607974277664,0,0.348583517939053,0.325903206128132,0.596349251703221,0.497812531602433,0.500174729660091,0,0,0.560980961322242,0.611216071355319,0,0.409910568778159,0.357231889626867,0,0.528944811150495,0.33948299644726,0.444204940164829,0,0,0,0.43783429901821,0.263744247549709,0.37599332517634,0.361189564644061,0.29000611963201,0,0,0,0,0.757688172511636,0.617690204045586,0.252740472262729,0.544715570916562,0.383100981162348,0,0.391382569697872,0,0,0.324673192960203,0.564111630848126,0.349186531492111,0.309105956211728,0,0,0.351997204654535
0,0,0,0,0.457590041372181,0,0,0,0,0,0,0.289696308636133,0,0,0,0,0,0,0,0,0,0,0,0,0,0,0,0.315382313048697,0,0,0,0,0,0,0,0,0,0,0,0.26220476428125,0,0,0,0,0,0.344702623274675,0,0,0,0.351607974277664,1,0,0.618093839030219,0,0.377584569734652,0,0,0,0,0,0.280755553266247,0.479078867393044,0,0,0,0,0.251618673924913,0,0,0,0,0,0.306215115411517,0,0,0.27312576394076,0.282572692269734,0,0,0,0.26376906598001,0,0,0,0,0,0,0,0,0,0,0,0.255730311055454,0.34605048438958,0,0
0,0,0,0.285630238655163,0,0.409904930324766,0,0,0,0,0,0,0,0.255388222590379,0,0,0.265373084733541,0,0,0.439792660764138,0,0,0.272531535444979,0,0.256143253085561,0,0,0,0,0,0,0,0,0,0,0,0,0,0,0,0,0,0,0,0,0,0,0.435439145277044,0,0,0,1,0,0.613005494465836,0,0.356271990359942,0,0,0,0,0.285885244879125,0,0.478004844424248,0,0,0,0,0.35487737785188,0,0,0,0,0.276976937804356,0,0,0,0.327200264674014,0.407110799721092,0,0.362503115267287,0,0,0,0,0,0,0.284722988630077,0,0,0,0.311107892094988,0,0,0,0,0.319727949212916
0,0,0,0,0.696102023352753,0,0,0,0,0,0,0.474601884416053,0,0.407868600496004,0,0,0,0.280732724695416,0,0,0,0,0,0,0,0,0,0.388669526165141,0.377118171084526,0,0,0,0.325010238632873,0,0,0,0,0.345898958985494,0.269073219575594,0.284549165692774,0,0,0,0,0,0,0,0,0,0.348583517939053,0.61809383903022,0,1,0,0.276350180002771,0,0,0,0,0.310295199278416,0.304679514675015,0.518115531751049,0,0,0,0,0.293302778282388,0,0,0,0,0,0.450652979520544,0,0,0.344101521975129,0.477785775061935,0,0,0,0.331490095120956,0,0,0,0,0,0,0,0,0,0,0,0,0.267296734725461,0,0
0,0,0,0.337396316543583,0,0.65081647356122,0,0.46730712774618,0,0,0,0,0,0,0.347724729874921,0,0,0,0.306672001089003,0.512414999471926,0,0,0,0.420579268199363,0,0,0,0,0,0,0,0,0,0.299598957509805,0,0,0,0,0,0,0,0,0,0,0,0,0,0.452687545529696,0,0.325903206128132,0,0.613005494465836,0,1,0,0.396742507245378,0,0,0,0,0.275084651398728,0,0.424807365734888,0,0,0,0,0.432808279287855,0,0,0,0.265884721959121,0,0,0,0,0.306440727037584,0.405028963323356,0,0.304384188201729,0,0.287164490414851,0,0,0,0,0.372329645242293,0,0,0,0,0,0,0,0,0
0,0.49948915595791,0,0,0,0,0.304257388377133,0,0,0,0,0.470210870771862,0.314187275757681,0,0,0.278529607130668,0,0.420737444788165,0,0,0,0,0.273804102983114,0.319847158024002,0,0,0,0.251095462363987,0,0.369917788179272,0,0,0.459149129487784,0,0,0.303873187057872,0,0,0,0,0.319959083525166,0.337216443843234,0,0,0,0,0,0,0.25251720048724,0.596349251703221,0.377584569734652,0,0.276350180002771,0,1,0,0.486885189254063,0,0,0.273648943575931,0.54026493998463,0.318434539906832,0,0,0,0.251803836387966,0,0,0,0,0,0,0.258420575444415,0,0,0,0,0,0,0,0.552371180984321,0,0,0.424022173042335,0.320932362337252,0,0,0,0,0,0.319969971387423,0,0,0.266437449073365,0,0.257483397967453
0,0.255403534797264,0,0,0,0.2736264703832,0,0.453531090257984,0,0,0,0,0,0.256061375172098,0.334640224736839,0,0,0.368181349624362,0.301343417687234,0.432725244193324,0,0,0,0.540838423349644,0,0,0,0,0,0,0,0,0.251643541744794,0.349863682109824,0.455664486382925,0.303347264256264,0,0,0.35418430324619,0,0.259291752874511,0.261592859447546,0,0,0.303829663807996,0,0,0.358491662576591,0,0.497812531602433,0,0.356271990359942,0,0.396742507245378,0,1,0,0,0,0,0,0,0.537441680578981,0.273960087568749,0.264040420448645,0.311656118344019,0,0.510452048488839,0,0.350256090359003,0,0.449613696525252,0,0.292794727188239,0.261231847227121,0,0.301075057358306,0,0,0,0.3905980610201,0.442075050915609,0.391334483300088,0.446393050943085,0.370983574682482,0,0.430458990596074,0,0,0,0.357940039475003,0,0.438566321400027,0,0,0
0,0.496097029984372,0,0,0,0.342406456243915,0,0,0,0.347900912487569,0,0,0.282036405381721,0,0.355005741664123,0,0,0,0,0.413069642183285,0.267104637234273,0,0.28643806655998,0.401986707367039,0,0.430023926787638,0.36961424027324,0,0,0,0,0,0,0.343848741922495,0,0,0,0,0.369183182468801,0,0,0,0,0,0.318509117823491,0.349952386065979,0,0,0.364358910369878,0.500174729660091,0,0,0,0,0.486885189254063,0,1,0.467443322327516,0,0,0.280793796503125,0,0.377566350099345,0,0,0.251546676565149,0,0.323452906356495,0.332819520916944,0,0,0,0,0.415998424369654,0.488325668640451,0,0,0,0,0,0.391209056059336,0.454773102417574,0.288500021697569,0.337477695297231,0.342331459591511,0,0.298166011820785,0,0,0,0,0,0,0,0,0.455644373255064
0,0,0.36080796774725,0,0,0,0,0,0,0.511094545927601,0,0,0,0,0,0.319488508731461,0,0,0,0,0,0,0,0,0,0.340336367014774,0.403521605592373,0,0,0,0,0,0,0,0,0,0,0,0.263286247254282,0,0,0,0,0,0,0,0,0,0,0,0,0,0,0,0,0,0.467443322327516,1,0,0,0,0,0,0.455998565280678,0,0,0,0,0.499628390475577,0,0.341301976950588,0,0,0.339730410462991,0.410649867954122,0,0,0,0.266762053539833,0,0,0,0,0,0,0,0,0,0,0,0,0,0,0,0,0
0,0,0,0,0,0,0,0,0,0,0.253266122308066,0,0,0,0,0,0,0,0,0,0,0.38416897734912,0,0,0,0,0,0,0,0,0,0.271053261074323,0,0,0.271252331843415,0,0,0.28666938078488,0,0.511511933274917,0,0,0,0,0.309250472171943,0,0,0,0,0,0,0,0,0,0,0,0,0,1,0,0,0,0,0,0,0,0,0,0.272313785844552,0,0.317689950196842,0.287501880572623,0,0,0,0,0,0.432729875037573,0,0.332799076595357,0,0,0.369287259480523,0,0,0,0,0.535512442555014,0,0,0,0,0.26830301736698,0,0.319025635451478,0
0,0.46934027870078,0,0,0,0,0,0.326775152641211,0,0,0.333520786996083,0.519199922268787,0,0,0,0.311246971782683,0.296861142966074,0.631781437062898,0.414159220299351,0,0,0.272569329042788,0.310977346803541,0.319456243938567,0,0,0,0,0.272783834092726,0,0,0,0.55604271514138,0.278571467820183,0.321558367421805,0,0,0.376788440788655,0.407864673138859,0.4026357179232,0.33116358080238,0,0,0,0,0,0,0,0.375851201153007,0.560980961322243,0,0,0.310295199278416,0,0.273648943575931,0,0,0,0,1,0.312881295214615,0,0,0,0,0.647593278499005,0,0,0,0,0,0,0,0,0,0,0,0,0,0,0.645810512929764,0.262046321817682,0,0.412643935328814,0,0.330100881530809,0,0,0,0,0,0,0,0,0,0
0,0.420278179093775,0,0,0,0,0,0.32915464622306,0.381985481020573,0,0.349320898696235,0.339429595253684,0.712663664297479,0,0,0,0,0.346977787263361,0,0,0,0,0,0,0,0,0,0.269744801867037,0,0.278837684702416,0,0.278291047546383,0.287579559264405,0.278814241306056,0,0,0,0.29359647845772,0,0.32930370050135,0.478446521320274,0,0,0,0,0,0,0,0.318137151258676,0.611216071355319,0.280755553266247,0.285885244879125,0.304679514675015,0.275084651398728,0.54026493998463,0,0.280793796503125,0,0,0.312881295214615,1,0.272022258917655,0,0.400013820141476,0,0.369365075073565,0.4579212575314,0,0,0,0,0.413010173391935,0.37852111429826,0,0,0,0,0,0,0,0.359916243823386,0,0,0.363632408822101,0,0,0,0,0,0,0,0,0,0,0,0
0,0,0,0,0.280536022817039,0,0,0,0,0,0,0,0.340731088242787,0.548814586158198,0.298812394655783,0,0,0,0.255279395991303,0,0,0.297585722393602,0.281713093934607,0,0.31540287342236,0,0,0.524009449160271,0.429085048902252,0.48038176589079,0,0,0,0,0,0,0.317106595928618,0,0,0.473750012477066,0.420088834610479,0,0.352279426343169,0,0,0,0,0,0,0,0.479078867393044,0,0.518115531751049,0,0.318434539906832,0,0,0,0,0,0.272022258917654,1,0.321486147781852,0,0,0,0.288105155718707,0.284313768066354,0,0,0.332705186065406,0,0.610578253357729,0,0,0.258785017373608,0.625937188877003,0.398593797304161,0,0.378951153336333,0,0,0,0,0,0,0.293946830166475,0.329726175640104,0,0,0,0,0,0.47260224330992,0,0
0,0.39785210957349,0,0,0,0.529638547806307,0,0.250622495771815,0,0,0,0,0,0.295482214324152,0.772780024382393,0,0,0,0,0.732985655279932,0,0,0,0.470386686682252,0,0.451595203073885,0.549341061792589,0,0,0,0,0,0,0.432657028823233,0.524083124228375,0,0,0,0.446435387019764,0,0,0,0,0.259458499353048,0.324695309296795,0.288448990900561,0,0,0,0.409910568778159,0,0.478004844424248,0,0.424807365734888,0,0.537441680578981,0.377566350099345,0,0,0,0,0.321486147781852,1,0,0.350073100949378,0,0.304178932448941,0.678329763458706,0,0.335758844041369,0,0,0,0.503560939529043,0.651443358194035,0,0.346224704292925,0,0,0,0.295092329847832,0.536951591298119,0.654991041361652,0,0.322290871559549,0,0.795771927403436,0,0,0,0.356163007143853,0,0,0,0,0
0,0,0.278188349391675,0,0,0,0,0.417768501203721,0,0.457433765953637,0.444716954748197,0.364997658020247,0,0,0,0.461774644813163,0,0.488476852836991,0,0,0,0,0,0,0,0,0,0,0,0.323846871792537,0.278041711153432,0,0.401049076907896,0,0,0,0,0.318074304510161,0,0,0.471296184805188,0,0,0,0,0,0,0,0,0.357231889626868,0,0,0,0,0,0.273960087568749,0,0.455998565280678,0,0,0.400013820141476,0,0,1,0,0,0,0,0.334278131165852,0,0,0.267661338869496,0,0,0.276860515840257,0,0.257224002069871,0,0,0,0.311526066191616,0,0,0.389446954922182,0,0.366443133146108,0,0,0,0,0,0,0.271762840746247,0,0,0
0.25235304447346,0,0,0,0,0,0,0,0.293570933607976,0.284782419282856,0,0,0.32519033536694,0.273653519454634,0,0.273068108952932,0.275071867745045,0,0,0,0,0,0,0.261666107474397,0,0,0,0,0,0,0,0,0,0,0.30612538069138,0,0,0,0.340582851422658,0,0,0,0,0.265891463693276,0,0,0,0,0.29404907354478,0,0,0,0,0,0,0.264040420448645,0,0,0,0,0,0,0.350073100949378,0,1,0,0,0.370821961064909,0,0,0,0,0,0,0,0,0,0,0,0,0,0,0.339519044861431,0.298620806797883,0,0,0.399465913899445,0,0,0,0,0,0,0,0,0
0,0.595530683816132,0,0,0,0,0,0.385341189345357,0,0,0.258054276461244,0.334626157678537,0.337543255612342,0,0,0.264856032160902,0,0.642321074143546,0.325612656873397,0,0,0,0,0.410309934191427,0,0,0.28947100131514,0,0,0,0,0,0.543393108895449,0.385045842392693,0,0,0,0.260441142403333,0.489010186743494,0.269188878443124,0,0.276377226195471,0,0,0,0.371733319211752,0,0,0.421399515968413,0.528944811150495,0,0,0,0,0.251803836387966,0.311656118344019,0.251546676565149,0,0,0.647593278499005,0.369365075073565,0,0,0,0,1,0,0,0,0,0,0.352653461909442,0,0.265254871042098,0.27641762576403,0,0,0,0,0,0.597266721300337,0.426961863805242,0,0.346256893362889,0,0,0.343027906395665,0,0,0,0,0,0,0,0,0
0,0.351495438231877,0,0,0,0,0,0,0.496713525793217,0,0,0,0.526559426108049,0,0.294397424542128,0,0,0,0.454836597451053,0.343245610731126,0.409720488474105,0.560247574264962,0.575676214489895,0.281495733992259,0.337803441648031,0.362926473105066,0.352186139548622,0.377835513635296,0,0,0,0.316543229032662,0,0.270300420125435,0.340446217663089,0,0.317345423375337,0,0.35047106501042,0.318385856057731,0,0,0,0,0,0.333277374978377,0,0,0,0.33948299644726,0.251618673924913,0,0.293302778282388,0,0,0,0,0,0,0,0.4579212575314,0.288105155718707,0.304178932448941,0,0,0,1,0,0,0.423109854841384,0.709875259783001,0.297942497250421,0.460398050934689,0.400150231859126,0.347483019221383,0.327541136382696,0.267635227348238,0,0.393903451538451,0,0,0,0.336007192683543,0,0,0,0,0.27630369074444,0,0.316996148452161,0,0,0,0,0,0
0,0.284496843156161,0,0.277883685061535,0,0.365284469077371,0,0.296420951918661,0,0,0.292071789741619,0,0,0,0.633402459904975,0,0,0,0.251839488471376,0.551143798937639,0,0,0,0.486865393329708,0,0.407906518552274,0.461218835066879,0.395244658153714,0,0,0,0,0,0.486053762403186,0.556560648395556,0.374738457743931,0.274983084694942,0,0.443911847048955,0,0,0.280024789098953,0.394487932501987,0,0.366189126756865,0,0,0.309503356963327,0,0.444204940164829,0,0.35487737785188,0,0.432808279287855,0,0.510452048488839,0.323452906356495,0,0,0,0,0.284313768066354,0.678329763458706,0,0.370821961064909,0,0,1,0,0,0,0,0,0.409844173891423,0.51470866703062,0.437664316430603,0.292575299194635,0,0,0,0.36241371091156,0.583851818688957,0.512200890255644,0.357829420987786,0.375928367697354,0,0.655799396324805,0,0,0.295601938512244,0.446329119962514,0,0.33459194755269,0,0,0.280591526152883
0,0,0.355713535502006,0,0,0,0,0,0,0.473167171319924,0.297234264066818,0,0,0,0,0.256545616693897,0,0,0,0,0.273696790264626,0,0,0,0,0,0,0,0,0,0,0,0,0,0,0,0,0,0,0,0,0,0,0,0,0,0,0,0,0,0,0,0,0,0,0,0.332819520916945,0.499628390475577,0.272313785844553,0,0,0,0,0.334278131165852,0,0,0,0,1,0,0,0,0,0,0,0,0,0,0,0,0,0,0,0,0,0,0,0,0,0,0,0.363479941504718,0,0,0,0
0,0,0,0,0,0,0.275365184986107,0.36255608741597,0,0,0,0,0,0,0,0,0,0,0,0.316294870010979,0,0.449862273719468,0,0,0,0,0,0.262507499592249,0,0,0,0.345374001034725,0,0,0,0,0.262754861889788,0,0.276362767021759,0.301956904464994,0.255196177712432,0,0.327005540121065,0,0,0.451403166903925,0,0,0,0,0,0,0,0,0,0.350256090359003,0,0,0,0,0,0,0.335758844041369,0,0,0,0.423109854841384,0,0,1,0.426834102010573,0,0.295110633188076,0.298230317101055,0.280558596474629,0,0,0,0,0,0,0,0.427576336355397,0.412612750727487,0.400312413735373,0,0,0.406652136293012,0,0,0,0,0,0.277538101890539,0,0
0,0,0,0,0,0,0,0,0.28964856317115,0,0,0,0.299886606031521,0.316190050596218,0.295352102042851,0,0,0,0.484127562414033,0,0,0.632171490281503,0.598523510679884,0,0.291055430634434,0.328519436823039,0.374072026392469,0.340470010987129,0,0,0,0.358310901142954,0,0,0.336011124329613,0,0.283611613626113,0,0.301872433844537,0.409717147931276,0,0,0,0,0,0,0,0,0,0,0,0,0,0,0,0,0,0.341301976950588,0.317689950196842,0,0,0.332705186065406,0,0,0,0,0.709875259783001,0,0,0.426834102010573,1,0,0.402091004689098,0.400723980135457,0.425767068859781,0.424003303532354,0.283219516610868,0.434530387311292,0.364208743807632,0.484112342908017,0,0,0.488735189074052,0,0,0,0,0.499995461634454,0,0,0,0,0,0,0,0
0,0.28891551766321,0,0,0,0,0,0.321206791241769,0,0,0.34605474402717,0,0.483106604861069,0,0,0,0,0.369532000898347,0,0.330347423569768,0,0,0,0.475709183382297,0,0,0,0.325437026634148,0,0,0,0.354842158560983,0.262979736520387,0,0.3139035691675,0,0,0.285240067756691,0.360018940244767,0.441207385671424,0.362241627528017,0,0,0,0.540606783467527,0.356022877750143,0,0,0,0.43783429901821,0,0,0,0.265884721959121,0,0.449613696525252,0,0,0.287501880572623,0,0.413010173391935,0,0,0.267661338869496,0,0.352653461909442,0.297942497250421,0,0,0,0,1,0.255295106251842,0,0,0,0,0,0,0.291218357740243,0.275392649180496,0.253769246367948,0.310874989778383,0.264195402353302,0.257166641633356,0.316034405572091,0,0.398200159308955,0,0,0,0,0.389778664825841,0,0,0
0,0,0,0,0.27623778814788,0.250200374485732,0,0,0,0,0,0.270534078356757,0.354804549822182,0.552357910165684,0,0,0,0,0.27449673371651,0,0.41908741480113,0.329780720334599,0.403052058911414,0,0.470069017517776,0,0,0.383591091178224,0.502517450312801,0.409921715184944,0,0.383403913964757,0,0,0,0,0.374890127952557,0,0.275488180471989,0.490174875879149,0.446338277418825,0,0,0,0,0,0,0,0,0.263744247549709,0.306215115411517,0.276976937804356,0.450652979520544,0,0.258420575444415,0,0,0,0,0,0.37852111429826,0.610578253357729,0,0,0,0,0.460398050934689,0,0,0.295110633188076,0.402091004689098,0.255295106251842,1,0,0,0,0.552591988153792,0.393211782389294,0.524526554689146,0.326287386022012,0.259274705074829,0,0,0.283785584147494,0.326244791848321,0,0,0.372096048454722,0,0,0,0,0,0.322461675896648,0,0
0.257655504158383,0.563907339831637,0,0,0,0,0.293984845513987,0,0,0.358577703283053,0,0,0,0,0.572426347972629,0.265266828059087,0,0,0,0.481539837589144,0.379381719585959,0,0,0.394438415201687,0.276948522069738,0.770533753753758,0.75998223618164,0,0,0,0.276550193398881,0,0,0.482655389632713,0.413614760860304,0,0.291782245689949,0,0.423771013965906,0,0,0.263885564732323,0,0,0,0,0,0,0.375501927856968,0.37599332517634,0,0,0,0,0,0.292794727188239,0.415998424369654,0.339730410462991,0,0,0,0,0.503560939529043,0,0,0.265254871042098,0.400150231859126,0.409844173891423,0,0.298230317101055,0.400723980135457,0,0,1,0.824681239364735,0.435681786978813,0,0,0.365209572004985,0,0.324348815083244,0.54212294323555,0.518535920916549,0,0.284291823649955,0,0.448725271342795,0,0.295644617929896,0.378081174194939,0.352777495309297,0,0,0,0,0
0,0.539070348090336,0,0,0,0.311367142031207,0,0,0,0,0,0,0,0,0.73005314036732,0,0,0,0,0.571087255986631,0,0,0,0.477414095129832,0,0.7322001898662,0.919969662236445,0.277534478459283,0,0,0,0,0,0.66269200834343,0.433083089579754,0.296282913325341,0.338633192189352,0,0.51493982656212,0,0,0,0,0,0.256410368826809,0,0,0,0,0.361189564644061,0,0,0,0,0,0.261231847227121,0.488325668640451,0.410649867954122,0,0,0,0,0.651443358194035,0.276860515840257,0,0.27641762576403,0.347483019221383,0.51470866703062,0,0.280558596474629,0.425767068859781,0,0,0.824681239364735,1,0.459659970078261,0,0,0.331974606301923,0,0.408676638375867,0.713796668358441,0.635732287016071,0.280507528453271,0.463036042306016,0.257593554897864,0.646191786335362,0,0,0,0.328173255945939,0,0,0,0,0.252367719526416
0,0.274353625214588,0,0,0,0,0,0,0,0,0.322775608231678,0,0,0,0.285712521274791,0,0,0.269693622878921,0,0.269207430825993,0,0,0.276365287774626,0.361040737794506,0,0,0.403821825057599,0.60052744644992,0.277967244604217,0,0.37807490082358,0,0.313955255689132,0.30384032816266,0.465428515753353,0.358284677691294,0.369661206710531,0,0.457975821436113,0,0,0.277707008541804,0,0,0,0.254828144455621,0,0,0,0.29000611963201,0.27312576394076,0,0.344101521975129,0,0,0,0,0,0,0,0,0.258785017373608,0,0,0,0,0.327541136382696,0.437664316430603,0,0,0.424003303532354,0,0,0.435681786978813,0.459659970078261,1,0.255803111402132,0,0,0.287010373982878,0.36256533459039,0.402418838318685,0.483255593283816,0,0.31164307486824,0,0,0,0,0.303825297332746,0.286105734375962,0,0,0,0,0
0,0,0,0,0.262664069145787,0.35388788075047,0,0,0,0,0,0.390947828761754,0,0.396237816552635,0.258133909975886,0,0,0,0,0,0,0,0,0,0,0,0,0.397633319539949,0.480749022577238,0.348011127914143,0,0,0.31852157433124,0,0,0,0,0,0,0.383107927188965,0.276806133789961,0,0.270014778973935,0,0,0,0,0,0,0,0.282572692269734,0.327200264674014,0.477785775061935,0.306440727037584,0,0.301075057358306,0,0,0,0,0,0.625937188877003,0.346224704292925,0.257224002069871,0,0,0.267635227348238,0.292575299194635,0,0,0.283219516610868,0,0.552591988153792,0,0,0.255803111402132,1,0.305961747962034,0,0.30823529633716,0.318986321353306,0,0,0,0,0.420104187913522,0.299145307250434,0.299335190523215,0,0,0,0,0,0.384233295900772,0,0
0,0,0,0,0,0.278740960770715,0,0,0,0,0,0,0.257015080082899,0.407502870297664,0,0,0,0,0.271116942655595,0,0,0.352317924932651,0.264162667527127,0,0.365471611501709,0,0,0,0,0.584327811670802,0.265549713590229,0.532492899899518,0,0,0,0,0.308592829686349,0.289909715097296,0,0.525400137949791,0.333877497193408,0,0.353659269778825,0,0,0,0,0,0,0,0,0.407110799721092,0,0.405028963323356,0,0,0,0,0.432729875037573,0,0,0.398593797304161,0,0,0,0,0,0,0,0,0.434530387311292,0,0.393211782389294,0,0,0,0.305961747962033,1,0,0.712268899669068,0,0,0,0,0,0.36708680538456,0,0.553628193989641,0.503825611451654,0,0.304514773389751,0,0,0,0,0
0,0,0,0,0.302281039850601,0,0,0,0,0,0,0,0,0,0.250684411187671,0,0,0,0.316944485320987,0.28124562201038,0.349368318013453,0.304550230146943,0.456069243217596,0,0.276646659136476,0.41496271797971,0.366047667639504,0,0,0,0,0,0,0,0.290176072549141,0,0.288280457555584,0,0,0,0,0,0,0,0,0,0,0,0,0,0,0,0,0,0,0,0,0.266762053539833,0,0,0,0,0,0,0,0,0.393903451538451,0,0,0,0.364208743807632,0,0.524526554689146,0.365209572004985,0.331974606301923,0,0,0,1,0,0,0,0.317416741833538,0,0,0,0,0,0,0,0,0,0,0,0,0
0,0,0,0,0,0,0,0,0.280857015554319,0,0,0,0.360368035667421,0.350484957972746,0,0,0,0,0,0,0.283137053942569,0.416907827867724,0.333216952363224,0,0.373787932936515,0,0,0.26129461545329,0,0.477726083650688,0,0.659173931572646,0,0,0,0,0,0.292181279656823,0,0.60405434381985,0.341436675904628,0,0.316126692019359,0,0,0,0,0,0,0,0,0.362503115267287,0,0.304384188201729,0,0,0,0,0.332799076595357,0,0,0.378951153336333,0,0,0,0,0,0,0,0,0.484112342908017,0.291218357740243,0.326287386022012,0,0,0.287010373982878,0.30823529633716,0.712268899669068,0,1,0,0,0.288514620019538,0,0,0.380192788994275,0,0.541318440915816,0.328772293085554,0,0.332789115735745,0,0,0,0,0
0,0.670906009786114,0,0,0,0,0,0.40363934447593,0,0,0.325393530895183,0.546731006765319,0,0,0,0.271648881183507,0,0.707999529997767,0.315320966772051,0.32206089831188,0,0,0.30461996293375,0.637187756404678,0,0.303466759450911,0.408253212344047,0.360030851466761,0,0.260962201430905,0,0,0.766732539083908,0.589550652423316,0.341911172637232,0.59077923249979,0.314566116599518,0.395926234258077,0.658739145923749,0.266749527370045,0.287836634425706,0.453907083473649,0,0,0.292311578239981,0.270994437972871,0,0,0,0.757688172511636,0.26376906598001,0,0.331490095120956,0,0.552371180984321,0.3905980610201,0.391209056059336,0,0,0.645810512929764,0.359916243823386,0,0.295092329847832,0.311526066191616,0,0.597266721300337,0,0.36241371091156,0,0,0,0.275392649180496,0.259274705074829,0.324348815083244,0.408676638375867,0.36256533459039,0.318986321353306,0,0,0,1,0.642082872452425,0,0.727501249144332,0.526258614125311,0,0.393360951503478,0,0,0.314013862833425,0.493983417561629,0.310534933709701,0.26542847726977,0.268364873729413,0,0.347317235842299
0,0.637605492925898,0,0,0,0.340885739717977,0,0.307949241365058,0,0,0,0,0,0,0.546002623865557,0,0,0.313539478962595,0,0.404984763702801,0,0,0,0.692309998548945,0,0.514435369716217,0.709469362562186,0.382073406956659,0,0,0,0.301013779257154,0.429492656317443,0.845464024650646,0.471127388139722,0.569965662847545,0.542372408285295,0,0.597862111290697,0,0,0.496501531946464,0.315785116221933,0,0.367260457318316,0.332526922131396,0,0,0.365541104732467,0.617690204045586,0,0,0,0.287164490414851,0,0.442075050915609,0.454773102417574,0,0,0.262046321817682,0,0,0.536951591298119,0,0,0.426961863805242,0,0.583851818688957,0,0,0,0.253769246367948,0,0.54212294323555,0.713796668358441,0.402418838318685,0,0,0,0,0.642082872452425,1,0.489008435806111,0.55917944586714,0.649981214358123,0,0.662785857025688,0,0,0.280471548169877,0.473115410351081,0,0,0,0,0.314370863975388
0,0.320865262483214,0,0,0,0.286289242735126,0,0,0,0,0,0,0,0,0.688218627851552,0,0,0,0,0.588096241445377,0,0.37683072860435,0,0.527733516982662,0,0.467729450010856,0.502760608637887,0.358710065260163,0,0,0.251843113906318,0.341636250047964,0,0.431822933704036,0.723998058868276,0,0.336096072704867,0.28031534113895,0.622391127622903,0.327598197043868,0,0,0,0,0.336951744421338,0,0,0,0,0.252740472262729,0,0,0,0,0,0.391334483300088,0.288500021697569,0,0.369287259480523,0,0,0,0.654991041361652,0,0.339519044861431,0,0.336007192683543,0.512200890255644,0,0.427576336355397,0.488735189074052,0.310874989778384,0,0.518535920916549,0.635732287016071,0.483255593283816,0,0,0.317416741833538,0.288514620019538,0,0.489008435806111,1,0.257652282721062,0.422544272163684,0,0.617351448785858,0.387096968584059,0,0,0,0,0,0,0,0
0,0.407391212377507,0,0,0,0,0,0.467778436399511,0,0,0,0.265347798616836,0,0,0,0.318616225262835,0,0.432507956844046,0.344147155706061,0,0,0,0,0.548864083452269,0,0,0.333094563879313,0.328571457042145,0,0.341619453403788,0,0.32783594335085,0.546194108716666,0.629427745560535,0.294139870065948,0.742367705036787,0.593339843909214,0.347350798701773,0.51736313967975,0.34202362964224,0.439926220878718,0.403103600608132,0,0,0,0,0,0.310328389260902,0,0.544715570916562,0,0,0,0,0.424022173042335,0.446393050943085,0.337477695297231,0,0,0.412643935328814,0.363632408822101,0,0,0.389446954922182,0.298620806797883,0.346256893362889,0,0.357829420987786,0,0.412612750727487,0,0.264195402353302,0.283785584147494,0,0.280507528453271,0,0,0,0,0,0.727501249144332,0.55917944586714,0.257652282721062,1,0.78291587841281,0.261632506278171,0.333948154548406,0.270534333190645,0.290354479911396,0,0.355706468279487,0,0.394910741418815,0,0,0.309632757548852
0,0.38038202498926,0,0,0,0,0,0.349790419458848,0,0,0,0,0,0,0.282586726565854,0,0,0,0,0.288118396035075,0,0,0,0.499504807329807,0,0.2602482540327,0.534283212287665,0.456237586630557,0,0.340836709413079,0,0.437226526132255,0.396674944968019,0.703859496578178,0.259994763087067,0.68645935756023,0.760430367676703,0,0.522730312934698,0.286282040210599,0.265104295653371,0.411606936672384,0,0,0.358069437783633,0,0,0,0,0.383100981162348,0,0,0,0,0.320932362337252,0.370983574682482,0.342331459591511,0,0,0,0,0,0.322290871559549,0,0,0,0,0.375928367697354,0,0.400312413735373,0,0.257166641633356,0.326244791848321,0.284291823649955,0.463036042306016,0.31164307486824,0,0,0,0,0.526258614125311,0.649981214358123,0.422544272163684,0.78291587841281,1,0,0.527650011886784,0.290379103438764,0.282301004028271,0,0,0,0,0,0,0.256726996688497
0,0,0,0,0,0,0,0.315870489288403,0,0,0.301353004669574,0.451597569781733,0,0,0,0,0,0.331112726206122,0,0,0,0,0,0,0.28506928773598,0,0,0.295855355838272,0,0.329408151726768,0,0.344292104008249,0.419396017527188,0,0,0,0.319507580170878,0.384662780478423,0,0.451582774218073,0.468447716297495,0,0,0,0,0,0,0,0,0,0,0,0,0,0,0,0,0,0,0.330100881530809,0,0,0,0.366443133146108,0,0,0,0,0,0,0,0.316034405572091,0,0,0.257593554897864,0,0.420104187913522,0.36708680538456,0,0.380192788994275,0,0,0,0.261632506278171,0,1,0,0.370712519187681,0.509729199388095,0,0,0,0,0,0,0
0,0.467898349127715,0,0,0,0.496511173342652,0,0.286563781581452,0,0,0,0,0,0,0.713994761040256,0,0,0,0,0.627357541901699,0,0,0,0.521853804124706,0,0.438038022540795,0.60776704033387,0.301180821769224,0,0,0,0,0,0.575226774173261,0.417045994742934,0.298337954506718,0.270159805853381,0,0.568011636784607,0,0,0,0,0,0.405846252478562,0,0,0,0,0.391382569697872,0,0.284722988630077,0,0.372329645242293,0,0.430458990596074,0.298166011820785,0,0,0,0,0.293946830166475,0.795771927403436,0,0.399465913899445,0.343027906395665,0,0.655799396324805,0,0,0,0,0,0.448725271342795,0.646191786335362,0,0.299145307250434,0,0,0,0.393360951503478,0.662785857025688,0.617351448785858,0.333948154548406,0.527650011886784,0,1,0,0,0,0.340797931750975,0,0,0,0,0
0,0,0,0,0,0,0,0,0,0,0,0,0,0,0,0,0,0,0,0,0,0.400869375706378,0.344389443268829,0,0,0,0,0,0.35696612602701,0.334139010695393,0,0.477088793394773,0,0,0.268109999744797,0,0,0.373065876052753,0.32648363939719,0.732361029840199,0.440738250975137,0,0.398352956110775,0,0.272342081790545,0,0,0,0,0,0,0,0,0,0,0,0,0,0.535512442555014,0,0,0.329726175640104,0,0,0,0,0.27630369074444,0,0,0.406652136293012,0.499995461634454,0.398200159308955,0.372096048454722,0,0,0,0.299335190523215,0.553628193989641,0,0.541318440915816,0,0,0.387096968584059,0.270534333190645,0.290379103438764,0.37071251918768,0,1,0.449425235500573,0,0.256163575398637,0,0,0,0,0
0,0,0,0,0,0,0,0,0,0,0,0,0,0,0,0,0,0,0,0,0,0,0,0,0.267996849438834,0,0,0,0,0.373930557127964,0,0.425000239817294,0,0,0,0,0.357759353741448,0,0,0.397574837460916,0.406637394992594,0,0.282862347799987,0,0,0,0,0,0,0,0,0,0,0,0,0,0,0,0,0,0,0,0,0,0,0,0,0,0,0,0,0,0,0.295644617929896,0,0,0,0.503825611451654,0,0.328772293085554,0,0,0,0.290354479911396,0.282301004028271,0.509729199388095,0,0.449425235500573,1,0,0,0,0,0,0,0
0,0.277507065141194,0,0,0,0,0,0,0,0,0.326936467478892,0,0,0.261424711068942,0,0,0,0,0,0,0.375780963760056,0,0,0,0,0.321514023404004,0,0.275960003011248,0,0,0,0,0,0,0,0,0,0,0.265959299845069,0,0,0.488631500969506,0.293227027193233,0.321492769854254,0.363688927793509,0,0,0,0,0.324673192960203,0,0,0,0,0,0,0,0,0,0,0,0,0,0,0,0,0.316996148452161,0.295601938512244,0,0,0,0,0,0.378081174194939,0,0.303825297332746,0,0,0,0,0.314013862833425,0.280471548169877,0,0,0,0,0,0,0,1,0.533209362494226,0.466939500093157,0,0,0,0
0,0.34665202997288,0,0,0,0,0,0,0,0,0.264133158012373,0.250531820778606,0,0,0.27630680117124,0,0,0.310862315420578,0,0,0,0,0,0.401279210824618,0,0.258097799063908,0.27175148095174,0,0,0,0,0,0.302321363770802,0.344536578419318,0,0,0,0,0.292756376353506,0,0,0.341029148802744,0.628100911912266,0,0.27211277276021,0,0,0.261945208620715,0,0.564111630848126,0,0.311107892094988,0,0,0.319969971387423,0.357940039475004,0,0,0,0,0,0,0.356163007143853,0,0,0,0,0.446329119962514,0,0,0,0,0,0.352777495309296,0.328173255945939,0.286105734375962,0,0.304514773389751,0,0.332789115735745,0.493983417561629,0.473115410351081,0,0.355706468279487,0,0,0.340797931750975,0.256163575398637,0,0.533209362494226,1,0.400044268508083,0.330754244287865,0,0,0
0,0,0,0,0,0,0.303634963734697,0,0,0,0,0,0,0,0,0,0,0,0.265135212789014,0,0.281845584327073,0,0,0,0,0,0,0,0,0,0,0,0,0,0.328043277961498,0,0,0.27798087852992,0,0,0,0,0,0,0,0,0,0,0,0.349186531492111,0,0,0,0,0,0,0,0,0,0,0,0,0,0,0,0,0,0,0.363479941504718,0,0,0,0,0,0,0,0,0,0,0,0.310534933709701,0,0,0,0,0,0,0,0,0.466939500093157,0.400044268508083,1,0.292743886733193,0,0.300820299881566,0
0,0,0,0,0,0,0,0.350896261661201,0,0.253793111489108,0,0,0,0,0,0.320551341190139,0,0.290266134670669,0.30342044523732,0,0,0,0,0.320558191010615,0,0,0,0,0,0,0,0,0,0,0.29643854415934,0,0,0,0,0.266346350802308,0.346773838020261,0,0,0,0.290094302736711,0,0,0,0,0.309105956211728,0.255730311055454,0,0,0,0,0.438566321400027,0,0,0.26830301736698,0,0,0,0,0.271762840746247,0,0,0,0.33459194755269,0,0,0,0.389778664825841,0,0,0,0,0,0,0,0,0.26542847726977,0,0,0.394910741418815,0,0,0,0,0,0,0.330754244287865,0.292743886733193,1,0,0,0
0,0,0,0,0,0,0,0,0,0,0,0.32571838119409,0.269307463402441,0,0,0,0,0,0,0,0,0,0,0,0,0,0,0.292445157212682,0,0,0,0,0,0,0,0,0,0,0,0.280458039789225,0,0.325712956368609,0,0,0,0.437601827056146,0,0.292869336215765,0,0,0.34605048438958,0,0.267296734725461,0,0.266437449073365,0,0,0,0,0,0,0.47260224330992,0,0,0,0,0,0,0,0.277538101890539,0,0,0.322461675896648,0,0,0,0.384233295900772,0,0,0,0.268364873729413,0,0,0,0,0,0,0,0,0,0,0,0,1,0,0
0,0,0,0,0,0,0.267083719185348,0,0,0,0,0,0,0,0,0,0,0,0,0,0,0,0,0,0,0,0,0,0,0,0,0,0,0.271496368442577,0,0,0,0,0,0,0,0,0,0,0,0,0,0,0,0,0,0,0,0,0,0,0,0,0.319025635451478,0,0,0,0,0,0,0,0,0,0,0,0,0,0,0,0,0,0,0,0,0,0,0,0,0,0,0,0,0,0,0,0,0.300820299881566,0,0,1,0
0,0,0,0,0.250832087115586,0,0,0,0,0,0,0,0,0.335980552698304,0,0.273640479124725,0,0,0.399836033419614,0.332293098330011,0,0.260448978011889,0.424080744322535,0.380967617600348,0.32790839137454,0,0,0,0,0,0,0,0,0,0,0,0,0.343462161952273,0.28637115263936,0,0,0,0,0,0.254776975023017,0,0.313854062638391,0.254181376492202,0,0.351997204654535,0,0.319727949212916,0,0,0.257483397967453,0,0.455644373255064,0,0,0,0,0,0,0,0,0,0,0.280591526152883,0,0,0,0,0,0,0.252367719526416,0,0,0,0,0,0.347317235842299,0.314370863975388,0,0.309632757548852,0.256726996688497,0,0,0,0,0,0,0,0,0,0,1
