NaN 0 0 0 0 0 0 0 0 0 0 0 0 0 0 0 0 0 0 0 0 0 0 0 0 0 0 0 0 0 NaN 0 0 0 0 0 0 159.25 160.808760689138 0 0 0 0 0 0 0 0 0 0 191.695075759091 0 0 193.125 0 196.176196808511 162.455026448016 209.350000005 0 285.9375 NaN 190.347527479441 191.4 0 0 0 160.291666666667 177.144581972287 0 0 177.774122802699 0 166.23318712924 0 0 0 0 246.75 156.75 NaN 262 170.259477116797 0 NaN 174.108251626797 156.877936666701 NaN NaN NaN NaN 172.726325744697 0 0 0 0 NaN 0
0 NaN 0 0 0 0 0 0 0 0 0 0 0 0 0 0 0 0 0 0 0 0 0 0 0 0 0 0 0 0 0 0 0 0 0 0 0 0 0 0 0 0 0 0 0 0 0 0 180.929503107702 0 0 201.061594200725 188.875000002778 199.634615388462 165.884744839846 222.971813736029 189.740909095455 0 NaN 203.775000005 203.041404617767 0 182.441071424464 0 0 196.625 185.215636177823 175.19949495101 178.377500000667 155.033730583285 0 195.779411767647 0 0 0 0 0 0 0 0 0 0 202.242647058824 0 0 NaN 214.218750002083 181.096464650909 187.666666666667 0 0 0 0 0 NaN 0
0 0 NaN 0 0 0 0 0 0 0 0 0 0 0 0 0 0 0 0 0 0 0 0 0 0 0 0 0 0 0 0 0 0 0 0 0 0 0 0 0 0 0 0 0 0 0 0 0 0 171.570238095476 0 0 NaN 0 180.081730770192 0 NaN 0 NaN NaN 196.375000002303 159.54109589726 0 0 0 NaN 198.056410247009 0 0 176.004994999501 162.829541252086 0 NaN 0 0 0 162.5 0 NaN 0 0 0 0 0 0 NaN 0 0 0 0 0 0 0 0 NaN 0
0 0 0 NaN 0 0 0 0 0 0 0 0 0 0 0 0 0 0 0 0 0 0 0 0 0 159.612867638199 0 0 0 0 NaN 0 0 0 0 0 NaN NaN 203.22132034513 0 NaN 0 0 0 0 0 0 0 0 0 0 0 0 0 219.055769230769 0 NaN 0 275.75 259.642857142857 218.652698869744 180.083333333333 0 0 0 0 226.760162590825 0 0 218.921875003516 199.153806840507 0 157.285714285714 159.319444443836 180.483918126901 0 NaN NaN NaN 172.458333333333 201.777777777778 189.861111113889 0 NaN 164.659722222222 NaN 0 0 NaN 0 0 0 0 0 NaN 0
0 0 0 0 NaN 0 0 0 0 0 0 0 0 0 0 0 0 0 0 0 0 0 0 0 0 0 0 0 0 0 0 0 0 0 0 0 0 0 0 0 0 0 0 0 0 0 0 0 222.791666666667 208.478194106388 215.433333335 175.1875 217.375 NaN 210.71221097948 0 212.865384611538 184.723809521429 245.375 NaN 228.568119520175 189.75 0 161.568174236348 0 0 219.435439557234 0 215.890625003125 203.684567085725 186.456522856644 0 165.589743585897 0 168.121708897119 0 173.75 168.4375 NaN NaN 175.045150496823 165.743055550794 0 174.14859550118 170.938660989087 NaN 0 0 0 159.843043480261 0 167.788690475595 0 164.900000003333 NaN 0
0 0 0 0 0 NaN 0 0 0 0 0 0 0 0 0 0 0 0 0 0 0 156.003076061158 0 0 0 175.227272727273 0 0 NaN 0 NaN 0 0 155.739285714286 0 173.204545452727 0 NaN 0 0 0 0 0 0 0 0 0 0 0 0 0 0 0 0 0 0 NaN 0 0 0 0 0 0 0 0 0 0 0 0 185.04 165.159523806238 0 NaN 211.74242424697 180.413461542308 0 NaN 176.375 NaN 174.617117114414 177.708333333333 201.572727277273 0 NaN NaN NaN 0 0 NaN 0 0 0 0 0 NaN 0
0 0 0 0 0 0 NaN 0 0 0 0 0 0 0 0 0 0 0 0 0 0 0 0 0 0 0 0 0 0 0 0 0 0 0 168.966322941619 0 0 0 0 0 0 0 0 0 0 0 0 0 180.9375 169.983333329375 0 223.520833327083 211.333333333333 230.95 168.771889401767 210.003977271591 157.916666666667 164.542857142857 243 NaN 174.791666664583 174.535000004 195.665625000625 0 0 232.25 162.91202830125 191.327919913293 164.589473690877 0 0 227.2187500125 0 0 0 158.358119300476 184.333333333333 0 NaN NaN 0 0 221.88749999375 0 0 NaN 202.972222222222 175.3875 200.375 182.361764708235 0 0 163.40307882266 171.059782604529 NaN 0
0 0 0 0 0 0 0 NaN 0 0 0 0 0 0 0 0 0 0 160.095475133685 0 0 158.620578681423 0 0 0 182.595214198584 0 0 0 0 NaN 0 0 0 0 168.940595596662 157.026785711607 0 0 0 0 0 0 0 0 0 0 0 NaN 204.057795698925 164 0 0 0 258.344202899638 0 NaN 223.083333333333 0 0 255.526666665079 0 0 194.445701361388 0 0 261.125638272368 0 231.367647061275 248.371510839228 229.16483842362 0 NaN 191.817308628506 214.332379865132 0 NaN 194.5 NaN 0 234.10000000625 223.25000000625 0 239.157894736842 226.3625 NaN 0 0 NaN 0 0 174.617647061765 0 0 NaN 0
0 0 0 0 0 0 0 0 NaN 0 0 0 0 0 154.528361341597 0 NaN 0 0 157.183333331481 0 0 0 0 NaN 0 0 156.569444441667 NaN NaN NaN 0 0 0 182.5 0 NaN NaN 0 NaN 0 0 0 0 0 0 0 0 NaN 186.85714285 0 NaN NaN NaN NaN 237.6458333375 NaN NaN NaN NaN 154.595085473932 NaN NaN 0 165.5 NaN 156.285714282381 193.868421055263 0 0 0 NaN NaN 0 0 NaN NaN NaN NaN NaN 0 155.083333333333 NaN NaN 167.75 NaN NaN NaN NaN 225.25 NaN 173 NaN 0 NaN 0
0 0 0 0 0 0 0 0 0 NaN 0 0 0 0 0 0 0 0 0 0 0 0 0 0 0 0 0 0 0 0 0 0 0 0 0 0 0 NaN 0 0 0 0 0 0 0 0 0 0 156.407467281629 0 0 200.019570698401 175.712318851667 201.166666663333 0 190.960736723992 0 0 192.732142855357 200.952777775556 0 0 163.926527783083 0 0 179.090579716667 0 154.672470231429 0 0 0 173.700974030736 0 0 0 0 NaN 0 NaN 0 0 0 187.479166672917 0 0 NaN 160.375 178.31424824764 167 0 0 0 0 0 NaN 0
0 0 0 0 0 0 0 0 0 0 NaN 0 0 0 0 0 0 0 0 0 0 0 0 0 0 159.002402306145 0 0 0 0 0 0 0 0 0 0 0 0 0 0 0 0 0 0 0 0 0 0 240.666666666667 228.10625 180.375 0 196.875 0 229.857638895833 0 266.714285714286 210.787280699123 196.511904761905 0 252.368589745513 169.872222216667 0 185.5 NaN 0 238.477759318365 0 242.515915121088 227.251527692263 204.294609843833 0 193.9 161.698605446272 195.936917693304 0 NaN 179.333333333333 NaN 182.291666666667 197.397321430357 201.021717161616 0 200.217982457456 193.805625006 NaN 0 0 0 0 0 186.139767943987 0 0 NaN 0
0 0 0 0 0 0 0 0 0 0 0 NaN 0 0 0 0 NaN 0 161.890055364238 0 0 155.158915109734 0 0 0 174.794357453931 0 0 0 0 0 0 0 0 0 0 0 0 0 0 0 0 0 0 0 0 0 0 245.166666666667 240.514136899182 172.490853652439 159.958333333333 225.241071429464 191.727941173529 233.896326168208 0 264.017857142857 230.580000001 0 0 262.70853174381 0 0 197.780020704831 0 0 253.004705600483 0 243.606315776842 238.447982694061 221.564573482037 0 213.3625 178.194262626723 203.481158167321 0 183.15 164.55 NaN 0 208.892628204487 206.045377870277 0 215.162138585718 206.901002507832 0 0 0 0 0 0 188.925 0 0 NaN 0
0 0 0 0 0 0 0 0 0 0 0 0 NaN 0 174.058752992686 0 164.305555558889 154.997020312299 0 169.181023719039 0 0 0 169.636540897166 0 0 0 166.091723025229 NaN NaN NaN NaN 0 0 191.61488878089 0 0 NaN 186.375 268.125 NaN 0 0 0 0 0 0 0 0 211.468750004167 178.1 232.056578942105 201.75000000625 234.275 154.88560606 218.487279342653 0 180.596296304444 NaN 217.416666666667 0 239.416666666667 214.686909580229 0 167.552083330208 222.044407892105 0 209.298136194418 0 0 0 219.728554972596 NaN 0 0 178.266850497417 NaN NaN NaN 207.083333333333 NaN 0 221 NaN NaN NaN NaN 215.791666666667 NaN 245.583333325758 0 225.55 199.013918069905 192.395270272973 NaN 0
0 0 0 0 0 0 0 0 0 0 0 0 0 NaN 0 0 0 0 0 0 0 0 0 0 0 0 0 0 0 0 0 0 0 0 0 0 0 0 0 0 0 0 0 0 0 0 0 0 182.102941178529 158.068380188666 163.182291663542 207.708333333333 187.416666666667 189.5375 166.704886027778 0 180.7631579 0 163.778409090909 0 206.509852206872 0 0 0 0 0 191.101049328646 0 178.104861113611 164.93763536039 155.017111915958 0 0 0 0 0 0 0 0 0 0 0 0 0 0 155.125 0 0 0 0 0 0 0 0 NaN NaN
0 0 0 0 0 0 0 0 154.528361341597 0 0 0 174.058752992686 0 NaN 0 0 0 184.684158423812 0 0 184.982695212062 158.280035651373 0 0 183.670595530273 0 0 0 159.172222222222 NaN 0 180.301043225261 0 0 176.766666660152 161.60057471954 NaN 0 0 NaN 0 0 0 0 0 0 0 178.5375 217.583333333333 205.097222222222 0 0 0 248.660714282773 0 231 168.305555555556 0 0 231.393668826623 0 0 205.083333333333 0 0 257.458333333333 0 247.358585858586 255.554347822826 240.7257525051 0 NaN 197.629076092029 200.250000004167 0 NaN NaN NaN 172.190319547932 238.611111111111 224.388888888889 0 245.066666666667 236.083333333333 NaN 0 0 NaN 0 0 195 0 0 NaN 0
0 0 0 0 0 0 0 0 0 0 0 0 0 0 0 NaN 0 0 0 0 0 0 0 0 0 0 0 0 0 0 0 0 0 0 0 0 0 0 0 0 0 0 0 0 0 0 0 0 0 0 0 180.953125009167 163.985879628079 176.775240383894 0 191.383709270234 0 0 180.692835366463 187.149013156974 0 0 167.8462566793 0 0 183.754807696154 0 0 0 0 0 160.090567122975 0 0 0 0 0 0 0 0 0 0 0 0 0 178.631578942105 0 0 0 0 0 0 0 0 NaN 0
0 0 0 0 0 0 0 0 NaN 0 0 NaN 164.305555558889 0 0 0 NaN 0 NaN 0 0 174.344827589655 174.960526317544 0 NaN 210.85 0 0 NaN 175 NaN 0 NaN 0 0 NaN 205.5 NaN NaN 0 NaN 0 0 0 0 0 NaN 0 NaN 192.125 NaN 0 0 0 214.25 0 NaN 0 0 NaN 227.40624999375 NaN 0 0 0 0 188.916666666667 0 NaN 214.783333333333 194.875 0 NaN 213.3 155.956845230952 0 NaN NaN NaN 0 NaN 197.181818181818 0 NaN NaN NaN NaN 0 NaN 0 0 NaN 0 0 NaN 0
0 0 0 0 0 0 0 0 0 0 0 0 154.997020312299 0 0 0 0 NaN 164.776611533029 0 0 156.837187862716 0 0 0 171.828703707407 0 0 0 0 0 0 0 0 0 0 0 0 0 0 0 0 0 0 0 0 0 0 NaN 216.041666666667 181.918181818182 0 0 0 232.67261905 0 NaN 204.805555555556 0 0 252.671428571429 0 0 194.383928571429 0 0 249.725 0 217.65625 234.066091954598 222.782580294903 0 177.9375 181.302549752301 183.175925922222 0 164.916666666667 167.916666666667 NaN 0 210.375 199.390624996875 0 213.022727272727 199.650000005 0 0 0 0 0 0 0 0 0 NaN NaN
0 0 0 0 0 0 0 160.095475133685 0 0 0 161.890055364238 0 0 184.684158423812 0 NaN 164.776611533029 NaN 184.095703120573 0 0 0 179.299999988201 0 0 0 0 236.25 NaN NaN NaN 0 0 192.750183815404 0 0 NaN 168.355555555556 NaN 187.5 0 0 0 164.796644251248 0 0 0 0 0 0 198.181581437926 164.374999997917 216.15 0 211.642646341281 0 0 212.250000006667 213.9375 0 0 227.949999995926 0 NaN 215.556249995 0 219.247701158333 0 0 0 230.387731479167 0 0 0 176.881098457639 NaN 0 NaN 158.85 165.34375 0 237.5 0 171.120833333333 NaN 289.083333333333 215.5 NaN 159.157142858447 0 0 195.658218126498 0 NaN 0
0 0 0 0 0 0 0 0 157.183333331481 0 0 0 169.181023719039 0 0 0 0 0 184.095703120573 NaN 0 166.465638516959 157.030501977258 0 159.078947363158 179.983928570179 0 0 0 0 NaN 0 172.086538472436 0 0 167.979166670139 0 NaN 0 0 NaN 0 0 0 0 0 0 0 158.642857142857 159.540547135381 0 0 0 0 214.246093749219 0 180.208333333333 0 0 0 207.923100981347 0 0 160.714130434058 0 0 218.014540420805 0 207.158333335333 215.664839577433 216.506186759126 0 NaN 209.056726905221 155.408010015569 0 NaN 160.483333338333 NaN 0 212.414351851852 185.629370627098 0 200.609913793103 206.153846153846 NaN 0 0 0 0 0 0 0 0 0 0
0 0 0 0 0 0 0 0 0 0 0 0 0 0 0 0 0 0 0 0 NaN 0 0 0 0 0 0 0 0 0 NaN 0 0 0 175.001696840837 0 0 NaN 0 180.833333333333 0 0 0 0 0 0 0 0 0 161.498120297068 0 194.865384615385 168.2 209.8 0 204.671476139512 0 0 NaN 231.133333333333 0 201.708333333333 192.505952380655 0 0 206.9 0 189.115517237055 0 0 0 209.225757571212 NaN 0 0 155.749922673508 NaN 172.9375000125 NaN 177.25 0 0 219.58333335 0 170.559523814286 NaN 219.75 193.229166666667 210 221.618131868132 0 155.480769234615 173.963912774048 0 NaN 0
0 0 0 0 0 156.003076061158 0 158.620578681423 0 0 0 155.158915109734 0 0 184.982695212062 0 174.344827589655 156.837187862716 0 166.465638516959 0 NaN 0 167.552275461897 0 0 0 0 185.875 0 NaN 0 0 0 182.428616354088 0 0 NaN 0 0 0 0 0 0 0 0 0 0 172.192568603145 157.940587014696 172.589381213929 234.16435185 205.279325509164 241.75 0 234.701441109503 0 0 223.008333333333 233.34375000625 0 0 236.216307272372 0 216.89351852037 219.364285710714 0 213.422962967889 0 0 0 215.268181813636 0 0 0 165.738839286607 NaN 0 NaN 0 0 0 219.533333333333 0 0 NaN 215.916666666667 180.641729800442 203.083333333333 157.503986870732 0 0 187.74616485182 180.054204888945 NaN 167.214285714286
0 0 0 0 0 0 0 0 0 0 0 0 0 0 158.280035651373 0 174.960526317544 0 0 157.030501977258 0 0 NaN 0 0 0 0 0 NaN 0 NaN 0 0 0 166.612984727867 0 0 NaN 0 167.333333333333 0 0 0 0 0 0 0 0 0 0 0 196.317076658169 165.732142861688 213.408333337083 0 206.802931861282 0 0 198.733552630702 211.485222677449 0 0 201.769230769565 0 180.113339549254 202.19672557578 0 190.515187321367 0 0 0 202.875379314745 0 0 0 0 NaN 0 NaN 0 0 0 211.055555558889 0 0 NaN 230.958333333333 178.157100343219 180.416666666667 160.751643652819 0 0 173.006653923341 155.542072758437 NaN 0
0 0 0 0 0 0 0 0 0 0 0 0 169.636540897166 0 0 0 0 0 179.299999988201 0 0 167.552275461897 0 NaN 0 173.28871177352 0 0 0 0 0 0 0 0 0 0 0 0 0 0 0 0 0 0 0 0 0 0 192.357142857143 193.889652006044 0 0 0 0 224.84848484697 0 NaN 191.142857139286 0 0 229.61579652326 0 0 198.323529413642 0 0 241.167929290657 0 246.741666666667 237.2369999922 226.438782050785 0 NaN 186.471461587536 195.313059691269 0 NaN 196.472222222222 NaN 0 215.638888891667 199.380208330208 0 217.133384143902 220.950000006452 0 0 0 0 0 0 154.842017740798 0 0 NaN 0
0 0 0 0 0 0 0 0 NaN 0 0 0 0 0 0 0 NaN 0 0 159.078947363158 0 0 0 0 NaN 0 0 0 0 0 0 0 0 0 0 0 0 NaN 0 0 0 0 0 0 0 0 0 0 197.589285714286 0 154.830827058835 203.75 203.375 NaN 157.75056819517 NaN NaN 0 173.147435897436 175.125 215.625 0 NaN 0 NaN 178.972222222222 189.16250001 167.8125 170.208333329167 0 154.927521003992 186.984848480303 0 0 0 0 0 0 0 0 0 0 161.282894736842 0 0 0 175.125000008333 158.22500000625 NaN 0 0 0 0 0 NaN NaN
0 0 0 159.612867638199 0 175.227272727273 0 182.595214198584 0 0 159.002402306145 174.794357453931 0 0 183.670595530273 0 210.85 171.828703707407 0 179.983928570179 0 0 0 173.28871177352 0 NaN 0 0 0 0 0 0 0 0 168.409195400575 0 0 NaN 0 0 0 0 0 0 0 0 0 0 0 0 0 168.773255816279 0 178.386904761905 0 182.799840503083 0 0 166.840384622308 163.760416666667 0 0 213.317307692308 0 212 180 0 184.024618000552 0 0 0 207.506114126087 0 0 0 0 0 0 0 0 0 0 208.041666670238 0 0 NaN 194.5 0 NaN 0 0 0 0 0 NaN 0
0 0 0 0 0 0 0 0 0 0 0 0 0 0 0 0 0 0 0 0 0 0 0 0 0 0 NaN 0 0 0 0 0 0 0 0 0 0 NaN 0 0 0 0 0 0 0 0 0 0 0 0 0 214.428571428571 170.617276883524 159.4125 0 208.294999995 0 0 183.043382358382 167.264705876471 0 0 202.874999995833 0 164.468181818182 187.386363631818 0 175.220238095298 0 0 0 190.433333333333 0 0 0 0 0 0 0 0 0 0 172.589285716667 0 0 NaN 160.229166666667 0 0 0 0 0 0 0 NaN 155.20535715
0 0 0 0 0 0 0 0 156.569444441667 0 0 0 166.091723025229 0 0 0 0 0 0 0 0 0 0 0 0 0 0 NaN 0 0 0 0 0 0 0 0 0 0 0 0 0 0 0 0 0 0 0 0 0 0 0 0 0 0 164.557155487351 0 164.95 0 0 0 186.83015915357 0 0 0 0 0 193.245737471246 0 165.72568807156 0 177.471557864085 0 0 0 0 0 0 0 0 0 154.872603980986 0 0 0 0 0 0 0 0 0 0 0 0 0 0 0
0 0 0 0 0 NaN 0 0 NaN 0 0 0 NaN 0 0 0 NaN 0 236.25 0 0 185.875 NaN 0 0 0 0 0 NaN 0 0 0 0 0 0 0 0 0 0 0 0 0 0 0 0 0 0 0 NaN 0 NaN NaN 208.3125 NaN 163.293787175975 178.083333333333 NaN 172.460526321053 204.98333333 160.416666666667 NaN 0 NaN 0 NaN NaN 233.875 165.964285710204 NaN 0 173.859090909091 174.36874999875 0 0 0 0 0 0 0 0 0 0 165.036231884783 0 0 0 173.672619052381 0 161.714285714286 0 0 0 0 177.607954548485 NaN NaN
0 0 0 0 0 0 0 0 NaN 0 0 0 NaN 0 159.172222222222 0 175 0 NaN 0 0 0 0 0 0 0 0 0 0 NaN 0 0 0 0 0 0 0 0 0 0 0 0 0 0 0 0 0 156.214285714286 204.740384611538 0 0 229.25 217.654761904762 229.75 158.718586450723 202.911111111111 NaN 176.981481486111 NaN 205.479166670833 210.75 0 214.3125 0 NaN 175.279411761765 209.34375 177.436538455256 172.384375 0 0 163.256756754054 0 0 0 0 0 0 0 0 0 0 164.849264709559 0 0 155.1750000025 159.413888891111 0 0 0 0 0 0 0 NaN NaN
NaN 0 0 NaN 0 NaN 0 NaN NaN 0 0 0 NaN 0 NaN 0 NaN 0 NaN NaN NaN NaN NaN 0 0 0 0 0 0 0 NaN 0 0 0 0 0 0 0 0 NaN NaN 0 0 0 0 0 0 NaN NaN 0 NaN NaN NaN NaN 164 NaN NaN NaN NaN 156 NaN NaN NaN 0 NaN NaN NaN NaN NaN 0 0 NaN NaN 0 0 0 0 0 NaN 0 0 0 NaN 0 0 NaN NaN NaN NaN 0 0 0 0 0 NaN NaN
0 0 0 0 0 0 0 0 0 0 0 0 NaN 0 0 0 0 0 NaN 0 0 0 0 0 0 0 0 0 0 0 0 NaN 0 0 0 0 0 0 0 0 0 0 0 0 0 0 0 0 240.3 182.499449738041 0 211.238095245238 NaN 204.816666666667 161.903623195737 169.401455022751 NaN 180.067307689744 173.220588235294 0 250.166666666667 0 177.928030298485 0 163.86904762381 156.344907407407 216.5 0 166.811403511404 0 155.960526318421 157.268790839706 0 0 0 0 0 0 0 0 0 0 0 0 0 0 0 0 0 0 0 0 0 0 NaN NaN
0 0 0 0 0 0 0 0 0 0 0 0 0 0 180.301043225261 0 NaN 0 0 172.086538472436 0 0 0 0 0 0 0 0 0 0 0 0 NaN 0 160.967948714394 0 0 0 0 0 0 0 0 0 0 0 0 0 168.062499998684 0 154.4987179475 211.233082706767 181.444805193019 NaN 0 224.637013728433 0 0 189.104166670833 203.099999995 0 0 223.25 0 NaN 207.261904761905 0 210.795138888889 0 0 0 210.909389947608 0 0 0 0 0 0 0 0 0 0 209.1999999975 0 0 NaN 192.414835157692 181.860661268489 NaN 156.57217306798 0 0 169.778375943603 166.626893942883 NaN 157
0 0 0 0 0 155.739285714286 0 0 0 0 0 0 0 0 0 0 0 0 0 0 0 0 0 0 0 0 0 0 0 0 0 0 0 NaN 0 0 0 NaN 0 0 0 0 0 0 0 0 0 0 159.989633178974 0 0 207.295454545455 169.788052382324 178.008333336667 0 210.140624997917 0 0 183.828663790517 185.259259257407 0 0 214.567307696154 0 175.083333333333 186.736607142857 0 175.684350121883 0 0 0 175.248023720158 0 0 0 0 0 0 0 0 0 0 173.950000005 0 0 NaN 168.300000005 0 0 0 0 0 0 0 NaN 0
0 0 0 0 0 0 168.966322941619 0 182.5 0 0 0 191.61488878089 0 0 0 0 0 192.750183815404 0 175.001696840837 182.428616354088 166.612984727867 0 0 168.409195400575 0 0 0 0 0 0 160.967948714394 0 NaN 0 0 NaN 0 0 0 0 0 0 0 0 NaN 0 NaN 192.81666667037 0 0 0 0 216.437499999375 0 NaN 179.607843137255 0 0 224.294444449167 0 0 183.796874997917 0 0 233.480654765774 0 NaN 217.783908045977 227.184294871795 0 167.875 190.95588235 171.794642858929 0 198 186.334821435714 195.125 0 210.092032970879 193.40625 0 204.160714285714 198.723214285714 0 0 0 0 0 0 0 0 0 NaN 0
0 0 0 0 0 173.204545452727 0 168.940595596662 0 0 0 0 0 0 176.766666660152 0 NaN 0 0 167.979166670139 0 0 0 0 0 0 0 0 0 0 0 0 0 0 0 NaN 0 0 0 0 0 0 0 0 0 0 0 0 170.197432222239 0 0 218.90178571297 183.526962911281 225.453125 0 226.910626388501 0 0 205.712500005 214.027777785017 0 0 239.507352939706 0 266.714285714286 204.608333325 0 212.275416666667 0 0 0 214.81529018404 0 0 0 0 0 0 0 0 0 0 204.628289473684 0 0 NaN 195.638888888889 188.271788991743 184.961538461538 0 0 0 174.727869989834 0 NaN 0
0 0 0 NaN 0 0 0 157.026785711607 NaN 0 0 0 0 0 161.60057471954 0 205.5 0 0 0 0 0 0 0 0 0 0 0 0 0 0 0 0 0 0 0 NaN 0 0 0 0 0 0 0 0 0 0 0 163.799999998059 0 0 206.388888894444 175.345982140179 NaN 155.909420656758 221.043975905743 NaN 0 200.843750003125 202 156.245098034804 0 232.536764708824 0 215.666666666667 194.994318184091 0 199.596428572143 162.766025639744 0 0 197.811111111111 0 0 0 0 0 0 0 0 0 0 182.279999994 0 0 NaN 200.206018518519 175.130952382738 176.083333333333 0 0 0 0 0 NaN NaN
159.25 0 0 NaN 0 NaN 0 0 NaN NaN 0 0 NaN 0 NaN 0 NaN 0 NaN NaN NaN NaN NaN 0 NaN NaN NaN 0 0 0 0 0 0 NaN NaN 0 0 NaN 0 0 0 0 0 0 0 0 0 NaN NaN NaN NaN NaN NaN NaN NaN NaN NaN 164.75 NaN 0 NaN 0 NaN 181.333333333333 NaN NaN NaN NaN NaN 169.25 NaN 0 NaN NaN 0 0 NaN NaN NaN 0 NaN NaN 0 187.4375 NaN 0 0 0 0 0 0 0 0 0 NaN NaN
160.808760689138 0 0 203.22132034513 0 0 0 0 0 0 0 0 186.375 0 0 0 NaN 0 168.355555555556 0 0 0 0 0 0 0 0 0 0 0 0 0 0 0 0 0 0 0 NaN 0 0 0 0 0 0 0 0 0 NaN 199.088141024786 189.691056909858 192.01704545 162.450000005 0 200.50314465173 0 NaN 172.09166667 0 0 220.335253449078 0 0 171.455889787588 180.916666666667 0 211.568181819742 0 192.453703703704 199.416071439714 183.186987769138 0 178.946428567857 154.390178559286 0 0 NaN 156.490384611538 NaN 0 203.919642857143 0 0 191.534722226389 214.378787880303 0 0 0 0 0 0 0 0 0 NaN 178.388888888889
0 0 0 0 0 0 0 0 NaN 0 0 0 268.125 0 0 0 0 0 NaN 0 180.833333333333 0 167.333333333333 0 0 0 0 0 0 0 NaN 0 0 0 0 0 0 0 0 NaN 0 0 0 0 0 0 0 0 213.15625 192.868436524902 0 0 0 0 190.847773286457 0 NaN 0 NaN 0 219.636363630808 0 0 0 0 0 226.34375 0 223.946721309836 180.060792357923 193.711722485407 0 186.073863631818 175.377232142857 0 0 0 0 NaN 0 176.042410715714 0 0 176.335565469048 162.859375005 0 0 0 0 0 0 0 0 0 NaN 0
0 0 0 NaN 0 0 0 0 0 0 0 0 NaN 0 NaN 0 NaN 0 187.5 NaN 0 0 0 0 0 0 0 0 0 0 NaN 0 0 0 0 0 0 0 0 0 NaN 0 0 0 0 0 0 NaN NaN 224.95 0 NaN NaN NaN 189.275 214 NaN NaN NaN 0 NaN 178.75 NaN 156.736607141964 NaN 0 NaN 0 192.3125 162.05 157.923611108333 0 222.25 0 0 0 NaN 0 NaN 0 NaN 159.25 0 NaN 0 0 0 0 0 0 0 0 0 0 NaN NaN
0 0 0 0 0 0 0 0 0 0 0 0 0 0 0 0 0 0 0 0 0 0 0 0 0 0 0 0 0 0 0 0 0 0 0 0 0 0 0 0 0 NaN 0 0 0 0 0 0 0 166.296300545904 0 0 163.374615378846 0 190.629934206414 0 NaN 0 0 0 202.375848034803 0 0 0 0 0 182.891891879262 0 171.363636363636 155.714142985169 0 0 0 0 0 0 0 0 0 0 0 0 0 0 0 0 0 0 0 0 0 0 0 0 0 0
0 0 0 0 0 0 0 0 0 0 0 0 0 0 0 0 0 0 0 0 0 0 0 0 0 0 0 0 0 0 0 0 0 0 0 0 0 0 0 0 0 0 NaN 0 0 0 0 0 0 0 0 0 0 0 0 158.235032585976 0 0 0 0 0 0 162.457201086866 0 0 0 0 0 0 0 0 0 0 0 0 0 0 0 0 0 0 0 0 0 0 0 0 0 0 0 0 0 0 0 0 0
0 0 0 0 0 0 0 0 0 0 0 0 0 0 0 0 0 0 0 0 0 0 0 0 0 0 0 0 0 0 0 0 0 0 0 0 0 0 0 0 0 0 0 NaN 0 0 0 0 182.103448273276 0 0 NaN 170.878378377027 168.375 0 177.097826086957 NaN 0 0 0 206.912878790151 0 183.415719693561 0 0 0 178.173901807855 0 157.698809520952 0 0 0 0 0 0 0 0 0 0 0 0 0 0 0 0 NaN 0 0 0 0 0 0 0 0 0 0
0 0 0 0 0 0 0 0 0 0 0 0 0 0 0 0 0 0 164.796644251248 0 0 0 0 0 0 0 0 0 0 0 0 0 0 0 0 0 0 0 0 0 0 0 0 0 NaN 0 0 0 176.667475728204 168.493737599876 0 0 0 0 170.184353445103 0 NaN 0 0 0 193.149475524269 0 0 0 0 0 208.319852940154 0 161.840801883019 171.181275675138 186.908579722563 0 0 0 0 0 0 0 NaN 0 0 0 0 0 0 0 0 0 0 0 0 0 0 0 NaN 0
0 0 0 0 0 0 0 0 0 0 0 0 0 0 0 0 0 0 0 0 0 0 0 0 0 0 0 0 0 0 0 0 0 0 0 0 0 0 0 0 0 0 0 0 0 NaN 0 0 0 0 0 0 157.137771742554 0 175.431462599308 0 194.511538455128 0 0 0 189.96120690465 0 0 0 0 0 190.252693663871 0 0 167.838331886411 160.014671165653 0 0 0 0 0 0 0 0 0 0 0 0 0 0 0 0 0 0 0 0 0 0 0 NaN 0
0 0 0 0 0 0 0 0 0 0 0 0 0 0 0 0 NaN 0 0 0 0 0 0 0 0 0 0 0 0 0 0 0 0 0 NaN 0 0 0 0 0 0 0 0 0 0 0 NaN 0 NaN 169.389705885294 0 NaN NaN 0 182.25 168.625 NaN 0 NaN NaN NaN NaN NaN 0 NaN NaN 196.833333333333 0 NaN 177.800000001667 169.074810612311 160.875 NaN 0 0 0 NaN 0 NaN 0 0 0 NaN 0 0 NaN NaN 0 NaN 0 0 0 NaN 0 NaN 0
0 0 0 0 0 0 0 0 0 0 0 0 0 0 0 0 0 0 0 0 0 0 0 0 0 0 0 0 0 156.214285714286 NaN 0 0 0 0 0 0 NaN 0 0 NaN 0 0 0 0 0 0 NaN 0 0 0 0 0 0 0 0 NaN 0 NaN 0 0 0 0 0 0 0 0 0 0 164.391860466279 0 0 197.5 0 165.015037596617 0 NaN NaN NaN 154.5 173.98214286 176.984210531579 0 168.463235289706 NaN NaN 0 0 NaN 0 0 0 0 0 NaN 0
0 180.929503107702 0 0 222.791666666667 0 180.9375 NaN NaN 156.407467281629 240.666666666667 245.166666666667 0 182.102941178529 178.5375 0 NaN NaN 0 158.642857142857 0 172.192568603145 0 192.357142857143 197.589285714286 0 0 0 NaN 204.740384611538 NaN 240.3 168.062499998684 159.989633178974 NaN 170.197432222239 163.799999998059 NaN NaN 213.15625 NaN 0 0 182.103448273276 176.667475728204 0 NaN 0 NaN 0 0 0 0 0 0 0 0 0 0 0 0 0 0 0 0 0 0 0 0 0 0 0 0 0 0 0 0 0 0 0 0 0 0 0 0 0 0 168.331555950577 NaN 0 0 0 0 0 NaN 0
191.695075759091 0 171.570238095476 0 208.478194106388 0 169.983333329375 204.057795698925 186.85714285 0 228.10625 240.514136899182 211.468750004167 158.068380188666 217.583333333333 0 192.125 216.041666666667 0 159.540547135381 161.498120297068 157.940587014696 0 193.889652006044 0 0 0 0 0 0 0 182.499449738041 0 0 192.81666667037 0 0 NaN 199.088141024786 192.868436524902 224.95 166.296300545904 0 0 168.493737599876 0 169.389705885294 0 0 NaN 0 0 0 0 0 0 0 0 0 0 0 0 0 0 185.029545459091 0 0 0 0 0 0 0 0 0 0 0 0 0 0 0 0 0 159.979271642167 0 0 0 0 0 0 0 0 0 0 0 0 0
0 0 0 0 215.433333335 0 0 164 0 0 180.375 172.490853652439 178.1 163.182291663542 205.097222222222 0 NaN 181.918181818182 0 0 0 172.589381213929 0 0 154.830827058835 0 0 0 NaN 0 NaN 0 154.4987179475 0 0 0 0 NaN 189.691056909858 0 0 0 0 0 0 0 0 0 0 0 NaN 0 0 0 0 0 0 0 0 0 0 0 0 0 0 0 0 0 0 0 0 0 0 0 0 0 0 0 0 0 0 0 0 0 0 0 0 0 0 0 0 0 0 0 0 0
0 201.061594200725 0 0 175.1875 0 223.520833327083 0 NaN 200.019570698401 0 159.958333333333 232.056578942105 207.708333333333 0 180.953125009167 0 0 198.181581437926 0 194.865384615385 234.16435185 196.317076658169 0 203.75 168.773255816279 214.428571428571 0 NaN 229.25 NaN 211.238095245238 211.233082706767 207.295454545455 0 218.90178571297 206.388888894444 NaN 192.01704545 0 NaN 0 0 NaN 0 0 NaN 0 0 0 0 NaN 0 0 0 0 0 0 0 0 0 0 0 0 0 0 0 0 0 0 0 0 176.84999999 162.770869063493 0 0 0 0 NaN 0 0 158.64102565 0 0 162.550984530731 NaN 0 0 156.875 0 0 0 0 0 NaN 0
193.125 188.875000002778 NaN 0 217.375 0 211.333333333333 0 NaN 175.712318851667 196.875 225.241071429464 201.75000000625 187.416666666667 0 163.985879628079 0 0 164.374999997917 0 168.2 205.279325509164 165.732142861688 0 203.375 0 170.617276883524 0 208.3125 217.654761904762 NaN NaN 181.444805193019 169.788052382324 0 183.526962911281 175.345982140179 NaN 162.450000005 0 NaN 163.374615378846 0 170.878378377027 0 157.137771742554 NaN 0 0 0 0 0 NaN 0 0 0 0 0 0 0 0 0 0 0 0 0 0 0 0 0 0 0 0 0 0 0 0 0 0 0 0 0 0 0 0 0 0 158.134615385 0 0 0 0 0 0 NaN 0
0 199.634615388462 0 0 NaN 0 230.95 0 NaN 201.166666663333 0 191.727941173529 234.275 189.5375 0 176.775240383894 0 0 216.15 0 209.8 241.75 213.408333337083 0 NaN 178.386904761905 159.4125 0 NaN 229.75 NaN 204.816666666667 NaN 178.008333336667 0 225.453125 NaN NaN 0 0 NaN 0 0 168.375 0 0 0 0 0 0 0 0 0 NaN 0 0 0 0 0 0 0 0 0 0 0 0 0 0 0 0 0 0 0 0 0 0 NaN 0 NaN 0 0 0 0 0 0 0 0 0 0 0 0 0 0 0 0 0
196.176196808511 165.884744839846 180.081730770192 219.055769230769 210.71221097948 0 168.771889401767 258.344202899638 NaN 0 229.857638895833 233.896326168208 154.88560606 166.704886027778 248.660714282773 0 214.25 232.67261905 0 214.246093749219 0 0 0 224.84848484697 157.75056819517 0 0 164.557155487351 163.293787175975 158.718586450723 164 161.903623195737 0 0 216.437499999375 0 155.909420656758 NaN 200.50314465173 190.847773286457 189.275 190.629934206414 0 0 170.184353445103 175.431462599308 182.25 0 0 0 0 0 0 0 NaN 0 0 0 0 0 0 0 164.835575815987 0 216.769726245048 0 0 0 0 0 0 0 0 0 0 0 0 0 0 0 0 0 0 0 0 0 0 0 0 0 0 0 0 0 0 0
162.455026448016 222.971813736029 0 0 0 0 210.003977271591 0 237.6458333375 190.960736723992 0 0 218.487279342653 0 0 191.383709270234 0 0 211.642646341281 0 204.671476139512 234.701441109503 206.802931861282 0 NaN 182.799840503083 208.294999995 0 178.083333333333 202.911111111111 NaN 169.401455022751 224.637013728433 210.140624997917 0 226.910626388501 221.043975905743 NaN 0 0 214 0 158.235032585976 177.097826086957 0 0 168.625 0 0 0 0 0 0 0 0 NaN 0 0 0 0 0 0 0 0 0 0 164.353766063136 0 0 156.516521272635 0 0 164.324534165838 170.064596950864 0 0 0 0 NaN 0 160.845982717919 0 0 157.087913045073 0 0 0 0 0 0 0 0 0 0 0 0
209.350000005 189.740909095455 NaN NaN 212.865384611538 NaN 157.916666666667 NaN NaN 0 266.714285714286 264.017857142857 0 180.7631579 231 0 NaN NaN 0 180.208333333333 0 0 0 NaN NaN 0 0 164.95 NaN NaN NaN NaN 0 0 NaN 0 NaN NaN NaN NaN NaN NaN 0 NaN NaN 194.511538455128 NaN NaN 0 0 0 0 0 0 0 0 NaN 0 0 0 0 0 155 0 NaN NaN 0 0 0 0 0 156.839285716429 NaN 0 0 0 NaN NaN NaN NaN 0 0 NaN NaN NaN NaN 167.25 0 NaN 0 0 0 0 0 NaN 0
0 0 0 0 184.723809521429 0 164.542857142857 223.083333333333 NaN 0 210.787280699123 230.580000001 180.596296304444 0 168.305555555556 0 0 204.805555555556 0 0 0 0 0 191.142857139286 0 0 0 0 172.460526321053 176.981481486111 NaN 180.067307689744 0 0 179.607843137255 0 0 164.75 172.09166667 0 NaN 0 0 0 0 0 0 0 0 0 0 0 0 0 0 0 0 NaN 0 0 0 0 0 0 0 0 0 0 0 0 0 0 0 0 0 0 0 0 0 0 0 0 0 0 0 NaN 0 0 0 0 0 0 0 0 0 0
285.9375 NaN NaN 275.75 245.375 0 243 0 NaN 192.732142855357 196.511904761905 0 NaN 163.778409090909 0 180.692835366463 0 0 212.250000006667 0 NaN 223.008333333333 198.733552630702 0 173.147435897436 166.840384622308 183.043382358382 0 204.98333333 NaN NaN 173.220588235294 189.104166670833 183.828663790517 0 205.712500005 200.843750003125 NaN 0 NaN NaN 0 0 0 0 0 NaN NaN 0 0 0 0 0 0 0 0 0 0 NaN 0 0 0 0 0 0 0 0 0 0 0 0 0 0 0 0 0 0 0 0 0 0 155.206043956044 0 0 0 NaN 0 167.670454543182 0 0 0 0 0 0 0 0
NaN 203.775000005 NaN 259.642857142857 NaN 0 NaN 0 NaN 200.952777775556 0 0 217.416666666667 0 0 187.149013156974 NaN 0 213.9375 0 231.133333333333 233.34375000625 211.485222677449 0 175.125 163.760416666667 167.264705876471 0 160.416666666667 205.479166670833 156 0 203.099999995 185.259259257407 0 214.027777785017 202 0 0 0 0 0 0 0 0 0 NaN 0 0 0 0 0 0 0 0 0 0 0 0 NaN 156.708380175994 0 0 0 0 0 162.463081399514 0 0 156.961535047164 0 0 0 0 0 0 0 0 0 0 0 0 0 0 0 0 0 0 0 0 0 0 0 0 0 0
190.347527479441 203.041404617767 196.375000002303 218.652698869744 228.568119520175 0 174.791666664583 255.526666665079 154.595085473932 0 252.368589745513 262.70853174381 0 206.509852206872 231.393668826623 0 227.40624999375 252.671428571429 0 207.923100981347 0 0 0 229.61579652326 215.625 0 0 186.83015915357 NaN 210.75 NaN 250.166666666667 0 0 224.294444449167 0 156.245098034804 NaN 220.335253449078 219.636363630808 NaN 202.375848034803 0 206.912878790151 193.149475524269 189.96120690465 NaN 0 0 0 0 0 0 0 0 0 0 0 0 156.708380175994 NaN 0 173.854543010515 0 184.86737804878 163.128500440894 0 161.67000534391 0 0 0 171.439158678112 0 0 0 165.65392727689 NaN NaN NaN 191.585227272727 0 0 177.171666662333 0 0 176.8125 179.38906250625 183.233957226738 184.107407403704 0 0 0 0 0 0 0
191.4 0 159.54109589726 180.083333333333 189.75 0 174.535000004 0 NaN 0 169.872222216667 0 239.416666666667 0 0 0 NaN 0 0 0 201.708333333333 0 0 0 0 0 0 0 0 0 NaN 0 0 0 0 0 0 0 0 0 178.75 0 0 0 0 0 NaN 0 0 0 0 0 0 0 0 0 0 0 0 0 0 NaN 0 0 0 0 0 0 0 0 0 0 0 0 0 0 0 0 0 0 0 0 0 0 0 0 0 0 0 0 0 0 0 0 0 0
0 182.441071424464 0 0 0 0 195.665625000625 0 NaN 163.926527783083 0 0 214.686909580229 0 0 167.8462566793 0 0 227.949999995926 0 192.505952380655 236.216307272372 201.769230769565 0 NaN 213.317307692308 202.874999995833 0 NaN 214.3125 NaN 177.928030298485 223.25 214.567307696154 0 239.507352939706 232.536764708824 NaN 0 0 NaN 0 162.457201086866 183.415719693561 0 0 NaN 0 0 0 0 0 0 0 164.835575815987 0 155 0 0 0 173.854543010515 0 NaN 0 0 0 185.987689169021 0 0 178.438751724681 167.137062926713 0 NaN 202.877419353226 0 0 NaN 0 NaN 0 173.834615379615 0 0 165.379901959314 155.166666666667 NaN 0 0 0 0 0 0 0 0 NaN 0
0 0 0 0 161.568174236348 0 0 194.445701361388 0 0 185.5 197.780020704831 0 0 205.083333333333 0 0 194.383928571429 0 160.714130434058 0 0 0 198.323529413642 0 0 0 0 0 0 0 0 0 0 183.796874997917 0 0 181.333333333333 171.455889787588 0 156.736607141964 0 0 0 0 0 0 0 0 0 0 0 0 0 0 0 0 0 0 0 0 0 0 NaN 182.187499990278 0 0 0 0 0 0 0 0 0 0 0 0 0 0 0 0 0 0 0 0 0 0 0 0 0 0 0 0 0 0 0
0 0 0 0 0 0 0 0 165.5 0 NaN 0 167.552083330208 0 0 0 0 0 NaN 0 0 216.89351852037 180.113339549254 0 NaN 212 164.468181818182 0 NaN NaN NaN 163.86904762381 NaN 175.083333333333 0 266.714285714286 215.666666666667 NaN 180.916666666667 0 NaN 0 0 0 0 0 NaN 0 0 185.029545459091 0 0 0 0 216.769726245048 0 NaN 0 0 0 184.86737804878 0 0 182.187499990278 NaN 0 208.125 0 192.503663006044 206.358173071875 204.316176473529 0 NaN 205.28125 0 0 NaN 180.144444444444 NaN 0 207.68749999375 173.825757578788 0 186.3125 192 NaN 0 0 0 0 0 183.025 0 0 NaN 0
160.291666666667 196.625 NaN 0 0 0 232.25 0 NaN 179.090579716667 0 0 222.044407892105 0 0 183.754807696154 0 0 215.556249995 0 206.9 219.364285710714 202.19672557578 0 178.972222222222 180 187.386363631818 0 NaN 175.279411761765 NaN 156.344907407407 207.261904761905 186.736607142857 0 204.608333325 194.994318184091 NaN 0 0 0 0 0 0 0 0 NaN 0 0 0 0 0 0 0 0 0 NaN 0 0 0 163.128500440894 0 0 0 0 NaN 179.428916395047 0 0 183.602972033357 164.432539684656 0 0 193.590909086364 0 0 0 0 NaN 0 0 177.145833333333 0 0 0 0 0 0 0 0 0 0 0 0 NaN 0
177.144581972287 185.215636177823 198.056410247009 226.760162590825 219.435439557234 0 162.91202830125 261.125638272368 156.285714282381 0 238.477759318365 253.004705600483 0 191.101049328646 257.458333333333 0 188.916666666667 249.725 0 218.014540420805 0 0 0 241.167929290657 189.16250001 0 0 193.245737471246 233.875 209.34375 NaN 216.5 0 0 233.480654765774 0 0 NaN 211.568181819742 226.34375 NaN 182.891891879262 0 178.173901807855 208.319852940154 190.252693663871 196.833333333333 0 0 0 0 0 0 0 0 164.353766063136 0 0 0 162.463081399514 0 0 185.987689169021 0 208.125 179.428916395047 NaN 172.988386615968 0 0 0 179.322735613299 0 0 0 0 NaN 168.554487183333 NaN 0 0 0 183.78613445521 0 0 NaN 183.516666659861 169.521929831433 195.473684213158 0 0 0 154.746294178752 0 0 0
0 175.19949495101 0 0 0 0 191.327919913293 0 193.868421055263 154.672470231429 0 0 209.298136194418 0 0 0 0 0 219.247701158333 0 189.115517237055 213.422962967889 190.515187321367 0 167.8125 184.024618000552 175.220238095298 0 165.964285710204 177.436538455256 NaN 0 210.795138888889 175.684350121883 0 212.275416666667 199.596428572143 NaN 0 0 0 0 0 0 0 0 0 0 0 0 0 0 0 0 0 0 0 0 0 0 161.67000534391 0 0 0 0 0 172.988386615968 NaN 0 0 0 0 198.2875000025 0 0 0 NaN 0 NaN 0 0 0 0 0 0 NaN 0 0 0 0 0 0 0 0 0 0
0 178.377500000667 0 0 215.890625003125 0 164.589473690877 231.367647061275 0 0 242.515915121088 243.606315776842 0 178.104861113611 247.358585858586 0 NaN 217.65625 0 207.158333335333 0 0 0 246.741666666667 170.208333329167 0 0 165.72568807156 NaN 172.384375 NaN 166.811403511404 0 0 NaN 0 162.766025639744 NaN 192.453703703704 223.946721309836 192.3125 171.363636363636 0 157.698809520952 161.840801883019 0 NaN 0 0 0 0 0 0 0 0 0 0 0 0 0 0 0 0 0 192.503663006044 0 0 0 NaN 0 0 0 0 0 0 0 0 0 0 0 0 0 166.770161295161 0 0 NaN 0 0 0 0 0 0 0 0 0 0
177.774122802699 155.033730583285 176.004994999501 218.921875003516 203.684567085725 185.04 0 248.371510839228 0 0 227.251527692263 238.447982694061 0 164.93763536039 255.554347822826 0 214.783333333333 234.066091954598 0 215.664839577433 0 0 0 237.2369999922 0 0 0 0 0 0 0 0 0 0 217.783908045977 0 0 169.25 199.416071439714 180.060792357923 162.05 155.714142985169 0 0 171.181275675138 167.838331886411 177.800000001667 164.391860466279 0 0 0 0 0 0 0 156.516521272635 0 0 0 156.961535047164 0 0 178.438751724681 0 206.358173071875 183.602972033357 0 0 0 NaN 0 163.626466530918 0 0 0 0 0 0 0 0 0 0 0 0 0 NaN 0 0 0 0 0 0 0 0 0 0
0 0 162.829541252086 199.153806840507 186.456522856644 165.159523806238 0 229.16483842362 0 0 204.294609843833 221.564573482037 0 155.017111915958 240.7257525051 0 194.875 222.782580294903 0 216.506186759126 0 0 0 226.438782050785 154.927521003992 0 0 177.471557864085 173.859090909091 0 0 155.960526318421 0 0 227.184294871795 0 0 NaN 183.186987769138 193.711722485407 157.923611108333 0 0 0 186.908579722563 160.014671165653 169.074810612311 0 0 0 0 0 0 0 0 0 0 0 0 0 0 0 167.137062926713 0 204.316176473529 164.432539684656 0 0 0 0 NaN 163.694531111136 0 0 0 0 0 0 NaN 0 0 0 0 0 0 0 0 0 0 0 0 0 0 0 0 0
166.23318712924 195.779411767647 0 0 0 0 227.2187500125 0 NaN 173.700974030736 0 0 219.728554972596 0 0 160.090567122975 0 0 230.387731479167 0 209.225757571212 215.268181813636 202.875379314745 0 186.984848480303 207.506114126087 190.433333333333 0 174.36874999875 163.256756754054 NaN 157.268790839706 210.909389947608 175.248023720158 0 214.81529018404 197.811111111111 0 0 0 0 0 0 0 0 0 160.875 0 0 0 0 0 0 0 0 0 156.839285716429 0 0 0 171.439158678112 0 0 0 0 0 179.322735613299 0 0 163.626466530918 163.694531111136 NaN 0 194.507575754545 0 0 0 0 0 0 0 0 0 0 0 0 0 0 0 0 0 0 0 0 NaN 0
0 0 NaN 157.285714285714 165.589743585897 NaN 0 NaN NaN 0 193.9 213.3625 NaN 0 NaN 0 NaN 177.9375 0 NaN NaN 0 0 NaN 0 0 0 0 0 0 NaN 0 0 0 167.875 0 0 NaN 178.946428567857 186.073863631818 222.25 0 0 0 0 0 NaN 197.5 0 0 0 176.84999999 0 0 0 164.324534165838 NaN 0 0 0 0 0 NaN 0 NaN 0 0 198.2875000025 0 0 0 0 NaN 0 0 0 0 0 0 0 0 0 0 0 0 0 0 0 0 0 0 0 0 0 0 NaN
0 0 0 159.319444443836 0 211.74242424697 0 191.817308628506 0 0 161.698605446272 178.194262626723 0 0 197.629076092029 0 213.3 181.302549752301 0 209.056726905221 0 0 0 186.471461587536 0 0 0 0 0 0 0 0 0 0 190.95588235 0 0 NaN 0 175.377232142857 0 0 0 0 0 0 0 0 0 0 0 162.770869063493 0 0 0 170.064596950864 0 0 0 0 0 0 202.877419353226 0 205.28125 193.590909086364 0 0 0 0 0 194.507575754545 0 NaN 0 0 0 0 0 0 0 0 171.0125 0 0 NaN 163.96875 0 0 0 0 0 0 0 0 0
0 0 0 180.483918126901 168.121708897119 180.413461542308 0 214.332379865132 0 0 195.936917693304 203.481158167321 0 0 200.250000004167 0 155.956845230952 183.175925922222 0 155.408010015569 0 0 0 195.313059691269 0 0 0 0 0 0 0 0 0 0 171.794642858929 0 0 0 0 0 0 0 0 0 0 0 0 165.015037596617 0 0 0 0 0 0 0 0 0 0 0 0 0 0 0 0 0 0 0 0 0 0 0 0 0 0 NaN 0 0 0 0 0 0 0 0 0 0 NaN 0 0 0 0 0 0 0 0 NaN 0
0 0 0 0 0 0 158.358119300476 0 NaN 0 0 0 178.266850497417 0 0 0 0 0 176.881098457639 0 155.749922673508 165.738839286607 0 0 0 0 0 0 0 0 0 0 0 0 0 0 0 0 0 0 0 0 0 0 0 0 0 0 0 0 0 0 0 0 0 0 0 0 0 0 165.65392727689 0 0 0 0 0 0 0 0 0 0 0 0 0 0 NaN NaN 0 NaN 0 0 0 0 0 0 NaN 0 0 0 0 0 0 0 0 0 0
246.75 0 162.5 NaN 173.75 NaN 184.333333333333 NaN NaN NaN NaN 183.15 NaN 0 NaN 0 NaN 164.916666666667 NaN NaN NaN NaN NaN NaN 0 0 0 0 0 0 0 0 0 0 198 0 0 NaN NaN 0 NaN 0 0 0 0 0 NaN NaN 0 0 0 0 0 NaN 0 0 NaN 0 0 0 NaN 0 NaN 0 NaN 0 NaN NaN 0 0 0 0 0 0 0 NaN NaN 0 0 0 0 0 0 0 0 0 0 0 0 0 0 0 0 0 0 NaN
156.75 0 0 NaN 168.4375 176.375 0 194.5 NaN 0 179.333333333333 164.55 NaN 0 NaN 0 NaN 167.916666666667 0 160.483333338333 172.9375000125 0 0 196.472222222222 0 0 0 0 0 0 0 0 0 0 186.334821435714 0 0 NaN 156.490384611538 0 0 0 0 0 0 0 0 NaN 0 0 0 0 0 0 0 0 NaN 0 0 0 NaN 0 0 0 180.144444444444 0 168.554487183333 0 0 0 0 0 0 0 0 0 0 NaN 0 0 0 0 0 0 0 0 0 0 0 0 0 0 0 0 0 0
NaN 0 NaN NaN NaN NaN NaN NaN NaN NaN NaN NaN NaN 0 NaN 0 NaN NaN NaN NaN NaN NaN NaN NaN 0 0 0 0 0 0 NaN 0 0 0 195.125 0 0 NaN NaN NaN NaN 0 0 0 NaN 0 NaN NaN 0 0 0 NaN 0 NaN 0 NaN NaN 0 0 0 NaN 0 NaN 0 NaN NaN NaN NaN 0 0 NaN 0 0 0 0 NaN 0 0 NaN 0 0 0 0 0 0 NaN NaN NaN NaN 0 0 0 0 0 NaN NaN
262 0 0 172.458333333333 NaN 174.617117114414 NaN 0 NaN 0 182.291666666667 0 207.083333333333 0 172.190319547932 0 0 0 158.85 0 177.25 0 0 0 0 0 0 0 0 0 0 0 0 0 0 0 0 0 0 0 0 0 0 0 0 0 0 154.5 0 0 0 0 0 0 0 0 NaN 0 0 0 191.585227272727 0 0 0 0 0 0 0 0 0 0 0 0 0 0 0 0 0 0 NaN 0 0 0 0 0 0 0 0 0 0 0 0 0 0 0 0
170.259477116797 0 0 201.777777777778 175.045150496823 177.708333333333 0 234.10000000625 0 0 197.397321430357 208.892628204487 NaN 0 238.611111111111 0 NaN 210.375 165.34375 212.414351851852 0 0 0 215.638888891667 0 0 0 154.872603980986 0 0 0 0 0 0 210.092032970879 0 0 NaN 203.919642857143 176.042410715714 NaN 0 0 0 0 0 0 173.98214286 0 0 0 0 0 0 0 160.845982717919 0 0 0 0 0 0 173.834615379615 0 207.68749999375 0 0 0 0 0 0 0 0 0 0 0 0 0 0 0 NaN 0 0 0 0 0 0 0 0 0 0 0 0 0 0 160.906557381967
0 0 0 189.861111113889 165.743055550794 201.572727277273 0 223.25000000625 155.083333333333 0 201.021717161616 206.045377870277 0 0 224.388888888889 0 197.181818181818 199.390624996875 0 185.629370627098 0 0 0 199.380208330208 0 0 0 0 0 0 0 0 0 0 193.40625 0 0 NaN 0 0 159.25 0 0 0 0 0 0 176.984210531579 0 0 0 158.64102565 0 0 0 0 0 0 155.206043956044 0 0 0 0 0 173.825757578788 177.145833333333 0 0 0 0 0 0 0 0 0 0 0 0 0 0 0 NaN 0 0 0 NaN NaN 0 0 0 0 0 0 0 NaN 155.809523812857
NaN 202.242647058824 0 0 0 0 221.88749999375 0 NaN 187.479166672917 0 0 221 0 0 0 0 0 237.5 0 219.58333335 219.533333333333 211.055555558889 0 161.282894736842 208.041666670238 172.589285716667 0 165.036231884783 164.849264709559 NaN 0 209.1999999975 173.950000005 0 204.628289473684 182.279999994 0 0 0 0 0 0 0 0 0 NaN 0 0 159.979271642167 0 0 0 0 0 0 NaN 0 0 0 177.171666662333 0 0 0 0 0 183.78613445521 0 166.770161295161 0 0 0 0 171.0125 0 0 0 0 0 0 0 0 NaN 0 0 0 0 0 0 0 0 0 0 0 0 0
174.108251626797 0 0 NaN 174.14859550118 NaN 0 239.157894736842 NaN 0 200.217982457456 215.162138585718 NaN 0 245.066666666667 0 NaN 213.022727272727 0 200.609913793103 0 0 0 217.133384143902 0 0 0 0 0 0 0 0 0 0 204.160714285714 0 0 187.4375 191.534722226389 176.335565469048 NaN 0 0 0 0 0 0 168.463235289706 0 0 0 0 0 0 0 157.087913045073 NaN 0 0 0 0 0 165.379901959314 0 186.3125 0 0 0 0 0 0 0 0 0 0 0 0 0 0 0 0 0 0 NaN 0 0 0 0 0 0 0 0 0 0 0 NaN
156.877936666701 0 0 164.659722222222 170.938660989087 NaN 0 226.3625 167.75 0 193.805625006 206.901002507832 NaN 0 236.083333333333 0 NaN 199.650000005 171.120833333333 206.153846153846 170.559523814286 0 0 220.950000006452 0 0 0 0 0 0 0 0 0 0 198.723214285714 0 0 NaN 214.378787880303 162.859375005 0 0 0 0 0 0 0 NaN 0 0 0 162.550984530731 0 0 0 0 NaN 0 0 0 0 0 155.166666666667 0 192 0 0 0 0 0 0 0 0 0 0 0 0 0 0 0 0 0 0 0 NaN 0 0 0 0 0 0 0 0 0 0 165.956521743478
NaN NaN NaN NaN NaN NaN NaN NaN NaN NaN NaN 0 NaN 155.125 NaN 178.631578942105 NaN 0 NaN NaN NaN NaN NaN 0 0 NaN NaN 0 0 155.1750000025 NaN 0 NaN NaN 0 NaN NaN 0 0 0 0 0 0 NaN 0 0 NaN NaN 0 0 0 NaN 0 0 0 0 NaN NaN NaN 0 176.8125 0 NaN 0 NaN 0 NaN NaN NaN NaN 0 0 0 NaN NaN NaN 0 0 NaN 0 0 NaN 0 0 0 NaN 0 0 0 0 0 0 0 0 NaN NaN
NaN 214.218750002083 0 0 0 0 202.972222222222 0 NaN 160.375 0 0 NaN 0 0 0 NaN 0 289.083333333333 0 219.75 215.916666666667 230.958333333333 0 175.125000008333 194.5 160.229166666667 0 173.672619052381 159.413888891111 NaN 0 192.414835157692 168.300000005 0 195.638888888889 200.206018518519 0 0 0 0 0 0 0 0 0 NaN 0 0 0 0 0 0 0 0 0 167.25 0 0 0 179.38906250625 0 0 0 0 0 183.516666659861 0 0 0 0 0 0 163.96875 0 0 0 0 NaN 0 0 NaN 0 0 0 0 NaN 0 0 0 0 0 0 0 NaN 0
NaN 181.096464650909 0 0 0 0 175.3875 0 NaN 178.31424824764 0 0 215.791666666667 0 0 0 0 0 215.5 0 193.229166666667 180.641729800442 178.157100343219 0 158.22500000625 0 0 0 0 0 NaN 0 181.860661268489 0 0 188.271788991743 175.130952382738 0 0 0 0 0 0 0 0 0 0 0 168.331555950577 0 0 0 158.134615385 0 0 0 0 0 167.670454543182 0 183.233957226738 0 0 0 0 0 169.521929831433 0 0 0 0 0 0 0 0 0 0 0 NaN 0 0 0 0 0 0 0 0 NaN 0 0 0 0 0 0 NaN 0
NaN 187.666666666667 0 NaN 0 NaN 200.375 NaN NaN 167 0 0 NaN 0 NaN 0 NaN 0 NaN 0 210 203.083333333333 180.416666666667 0 NaN NaN 0 0 161.714285714286 0 NaN 0 NaN 0 0 184.961538461538 176.083333333333 0 0 0 0 0 0 0 0 0 NaN NaN NaN 0 0 156.875 0 0 0 0 NaN 0 0 0 184.107407403704 0 0 0 0 0 195.473684213158 0 0 0 0 0 0 0 0 0 0 0 NaN 0 0 0 0 0 0 0 0 0 NaN 0 0 0 0 0 NaN NaN
172.726325744697 0 0 0 159.843043480261 0 182.361764708235 0 225.25 0 0 0 245.583333325758 0 0 0 0 0 159.157142858447 0 221.618131868132 157.503986870732 160.751643652819 0 0 0 0 0 0 0 0 0 156.57217306798 0 0 0 0 0 0 0 0 0 0 0 0 0 0 0 0 0 0 0 0 0 0 0 0 0 0 0 0 0 0 0 0 0 0 0 0 0 0 0 0 0 0 0 0 0 0 0 0 0 0 0 0 0 0 0 0 NaN 0 0 0 0 0 0
0 0 0 0 0 0 0 0 NaN 0 0 0 0 0 0 0 0 0 0 0 0 0 0 0 0 0 0 0 0 0 0 0 0 0 0 0 0 0 0 0 0 0 0 0 0 0 0 0 0 0 0 0 0 0 0 0 0 0 0 0 0 0 0 0 0 0 0 0 0 0 0 0 0 0 0 0 0 0 0 0 0 0 0 0 0 0 0 0 0 0 NaN 0 0 0 0 0
0 0 0 0 167.788690475595 0 0 174.617647061765 173 0 186.139767943987 188.925 225.55 0 195 0 NaN 0 0 0 155.480769234615 0 0 154.842017740798 0 0 0 0 0 0 0 0 0 0 0 0 0 0 0 0 0 0 0 0 0 0 0 0 0 0 0 0 0 0 0 0 0 0 0 0 0 0 0 0 183.025 0 0 0 0 0 0 0 0 0 0 0 0 0 0 0 0 0 0 0 0 0 0 0 0 0 0 NaN 0 0 0 0
0 0 0 0 0 0 163.40307882266 0 NaN 0 0 0 199.013918069905 0 0 0 0 0 195.658218126498 0 173.963912774048 187.74616485182 173.006653923341 0 0 0 0 0 0 0 0 0 169.778375943603 0 0 174.727869989834 0 0 0 0 0 0 0 0 0 0 NaN 0 0 0 0 0 0 0 0 0 0 0 0 0 0 0 0 0 0 0 154.746294178752 0 0 0 0 0 0 0 0 0 0 0 0 0 0 0 0 0 0 0 0 0 0 0 0 0 NaN 0 0 0
0 0 0 0 164.900000003333 0 171.059782604529 0 0 0 0 0 192.395270272973 0 0 0 0 0 0 0 0 180.054204888945 155.542072758437 0 0 0 0 0 177.607954548485 0 0 0 166.626893942883 0 0 0 0 0 0 0 0 0 0 0 0 0 0 0 0 0 0 0 0 0 0 0 0 0 0 0 0 0 0 0 0 0 0 0 0 0 0 0 0 0 0 0 0 0 0 0 0 0 0 0 0 0 0 0 0 0 0 0 0 NaN 0 0
NaN NaN NaN NaN NaN NaN NaN NaN NaN NaN NaN NaN NaN NaN NaN NaN NaN NaN NaN 0 NaN NaN NaN NaN NaN NaN NaN 0 NaN NaN NaN NaN NaN NaN NaN NaN NaN NaN NaN NaN NaN 0 0 0 NaN NaN NaN NaN NaN 0 0 NaN NaN 0 0 0 NaN 0 0 0 0 0 NaN 0 NaN NaN 0 0 0 0 0 NaN 0 0 NaN 0 0 0 NaN 0 0 NaN 0 0 0 NaN NaN NaN NaN 0 0 0 0 0 NaN 0
0 0 0 0 0 0 0 0 0 0 0 0 0 NaN 0 0 0 NaN 0 0 0 167.214285714286 0 0 NaN 0 155.20535715 0 NaN NaN NaN NaN 157 0 0 0 NaN NaN 178.388888888889 0 NaN 0 0 0 0 0 0 0 0 0 0 0 0 0 0 0 0 0 0 0 0 0 0 0 0 0 0 0 0 0 0 0 NaN 0 0 0 NaN 0 NaN 0 160.906557381967 155.809523812857 0 NaN 165.956521743478 NaN 0 0 NaN 0 0 0 0 0 0 NaN
