NaN 0 0 0 0 0 0 0 0 0 0 0 0 0 88.3142382733879 0 0 0 0 87.3287671235616 0 0 0 NaN 95.1152173847826 0 0 NaN NaN NaN NaN NaN 0 0 NaN 92.5540966383613 83.156249999375 NaN NaN NaN NaN 0 0 0 0 0 0 0 NaN NaN NaN NaN NaN 88.3333333333333 NaN NaN NaN NaN NaN NaN NaN NaN NaN NaN 0 NaN 141.54375000625 NaN 133.25 140.836309525595 113.214987713569 NaN NaN 0 110.249999995833 NaN NaN NaN NaN NaN 128.25 NaN NaN 146.583333333333 NaN NaN NaN NaN NaN NaN 0 NaN NaN NaN NaN 83.5833333333333
0 NaN 0 0 0 0 0 0 0 0 87.5403452819799 0 0 0 89.51250000025 0 NaN 98.4797619086071 82.7806104273017 83.7083333341667 0 0 0 116.416666666667 0 0 0 NaN 0 0 0 0 0 0 NaN 0 0 0 0 NaN NaN 0 0 83.2030710337241 0 0 87.4081751584545 NaN NaN NaN NaN NaN NaN NaN NaN NaN NaN 149.625 NaN NaN NaN NaN NaN 129.410173164719 NaN NaN NaN NaN 134.125 141.003448284483 129.674242424242 NaN NaN 0 115.157142850476 NaN NaN NaN NaN NaN 132.038461535684 NaN NaN 132.589893612021 124.721428576786 NaN NaN NaN NaN NaN 93.3303571428571 NaN NaN NaN NaN NaN
0 0 NaN 0 0 0 0 0 0 0 0 0 0 0 0 0 0 0 88.6896576644904 0 0 0 0 0 0 0 0 0 NaN 0 0 0 0 0 0 0 0 0 0 0 0 0 0 0 0 0 0 0 NaN NaN 0 NaN NaN 0 NaN NaN NaN 125 NaN NaN NaN NaN NaN 97.6502016177419 0 NaN 148.5 NaN 140 147.448924733333 147.606060606061 NaN NaN 86.0631229239369 119.459051717241 83.2869791665104 NaN NaN NaN 118.974999995 133.07142857449 NaN NaN 143.078431367647 NaN NaN 110.569444441667 116.255110064544 112.321428571429 NaN 0 NaN 86.7894736839474 0 NaN 0
0 0 0 NaN 0 0 95.9307777346852 0 105.560344827586 0 0 0 125.613667269464 0 0 0 0 0 134.718005952976 0 101.211215922878 125.098011363731 115.405645159597 0 NaN 115.124999995833 NaN 0 NaN NaN NaN NaN 123.5625 NaN NaN 94.25 82.7 NaN NaN NaN NaN 0 0 NaN 0 0 0 0 NaN NaN NaN 0 NaN 0 NaN NaN NaN NaN NaN NaN NaN NaN NaN NaN 0 NaN NaN 85.4644039736755 NaN NaN NaN NaN NaN NaN NaN 91.75 NaN NaN NaN NaN NaN NaN NaN NaN NaN NaN NaN NaN NaN NaN 0 NaN 0 NaN NaN 0
0 0 0 0 NaN 0 0 0 86.3701923073077 0 0 0 93.6929314052199 0 0 0 0 0 99.2846152424219 0 0 98.3920277448463 86.1451089785711 NaN 0 86.075377561931 102.3125 NaN 0 0 0 NaN 91.0332138635791 NaN NaN 119.785714292857 111.625 NaN NaN NaN NaN 102.25 99.4464285714286 127.799773759502 0 0 144.625 0 NaN NaN NaN NaN NaN 92.25 NaN NaN NaN NaN NaN NaN NaN NaN NaN NaN 0 NaN NaN NaN NaN 178.249999995833 175.133333333333 NaN NaN NaN 151.333333333333 NaN NaN NaN NaN NaN 175.375 NaN NaN 179.5 NaN NaN NaN NaN NaN NaN 120.4 NaN NaN NaN NaN 0
0 0 0 0 0 NaN NaN 0 NaN 0 0 NaN NaN 0 0 0 0 NaN NaN 0 103.75 96.5934065972527 98 0 NaN NaN NaN 0 NaN NaN NaN NaN 100.75 NaN NaN NaN NaN NaN NaN NaN NaN 0 0 NaN 0 0 0 0 92.75 NaN 0 0 NaN 0 NaN 101.5 NaN NaN NaN NaN NaN NaN NaN NaN 0 NaN NaN 0 NaN NaN NaN NaN NaN NaN NaN NaN NaN NaN NaN NaN NaN NaN NaN NaN NaN NaN NaN NaN NaN 0 0 NaN 0 0 NaN 0
0 0 0 95.9307777346852 0 NaN NaN 108.55978463352 0 0 94.0248994914 100.394587282612 0 0 NaN 0 NaN 114.125711863557 0 NaN 0 0 0 124.6875 0 0 0 NaN 0 0 0 0 0 0 NaN 0 0 0 0 NaN 108.125 86.2782258069355 0 0 110.4583333375 0 89.1500000003192 NaN NaN NaN NaN NaN NaN NaN NaN NaN NaN 149.5 NaN NaN NaN NaN NaN NaN NaN NaN 145.4 NaN 136.25 130.652412279167 114.650000005 NaN NaN 0 103.333333328788 NaN NaN NaN NaN NaN 129.645833333333 NaN NaN 130.0625 111.166666666667 NaN NaN NaN NaN NaN 0 NaN NaN NaN NaN NaN
0 0 0 0 0 0 108.55978463352 NaN 118.846283786081 84.1708573120916 0 0 137.078123314747 0 0 0 0 0 141.959476336116 0 112.493647242696 146.172948007333 129.314647335754 0 127.916666666667 126.493519444217 124.666666666667 0 NaN NaN NaN 165.166666666667 141.625 NaN 0 168.625 154.03125 NaN 0 85.4166666666667 NaN 0 0 83.3653472556362 0 0 0 0 139.875 NaN NaN 0 NaN 0 NaN 0 NaN NaN 0 94.775 NaN 0 84.4975134188363 139.71875000625 0 92.7083333333333 NaN 0 NaN NaN 190 0 NaN 151.75 176.666666666667 0 NaN NaN NaN NaN 181.416666666667 187 0 NaN NaN NaN 88.7486969115299 91.2642857142857 NaN 98.4913364075615 99.3971631173759 109 0 88.0240942042246 NaN 0
0 0 0 105.560344827586 86.3701923073077 NaN 0 118.846283786081 NaN 0 130.696428571429 NaN 0 83.8084415579762 NaN 0 NaN NaN 0 NaN 0 0 0 NaN NaN 0 0 NaN NaN NaN NaN NaN 0 NaN NaN NaN NaN NaN NaN NaN NaN NaN 0 NaN NaN 0 NaN NaN NaN NaN NaN NaN NaN NaN NaN NaN NaN NaN NaN NaN NaN NaN NaN NaN NaN NaN NaN NaN NaN NaN NaN NaN NaN NaN NaN NaN NaN NaN NaN NaN NaN NaN NaN NaN NaN NaN NaN NaN NaN NaN 0 NaN NaN NaN NaN NaN
0 0 0 0 0 0 0 84.1708573120916 0 NaN 0 0 0 0 NaN 0 NaN 85.9845964848597 0 NaN 0 0 0 105.25 93.8951612867742 0 0 NaN NaN NaN 0 NaN 0 0 NaN 0 0 NaN NaN NaN NaN 82.9230769226923 0 0 0 0 0 0 NaN NaN NaN NaN NaN NaN NaN NaN NaN 144.993589744872 NaN NaN NaN NaN NaN 123.088541665625 NaN NaN 145.019871782821 NaN 124.011160708482 128.452968845287 123.008335162382 NaN NaN 0 97.9105413335545 NaN NaN NaN NaN NaN 118.793809539184 118.843292680549 NaN 128.939747181492 111.16260162439 NaN NaN NaN NaN NaN 0 NaN NaN NaN NaN 104.75
0 87.5403452819799 0 0 0 0 94.0248994914 0 130.696428571429 0 NaN 0 117.970420977819 0 0 0 0 0 125.225054521525 0 96.8869837749242 120.413564087339 111.19252772803 0 0 114.536190478571 122.166666666667 NaN 0 0 0 NaN 90.2391307090822 NaN NaN 117.722222231944 107.306985303309 NaN NaN NaN NaN 0 125.703125003125 140.680555555556 0 0 0 NaN NaN NaN NaN NaN NaN NaN NaN NaN NaN NaN NaN NaN NaN NaN NaN NaN NaN NaN 216 NaN NaN 198.3 201.021428571429 NaN NaN NaN 169.25 NaN NaN NaN NaN NaN 185.375 NaN NaN 181.4375 170.25 NaN NaN NaN NaN NaN 148.611111116667 NaN NaN NaN NaN NaN
0 0 0 0 0 NaN 100.394587282612 0 NaN 0 0 NaN 134.210602332997 0 NaN 0 NaN 0 139.753717145341 0 110.559264805068 138.435144521092 126.76875245566 0 0 126.129790939547 130.85 0 0 0 0 0 0 NaN 0 0 0 0 0 0 0 0 97.5575801762099 105.635563379225 0 0 0 NaN NaN NaN NaN NaN NaN NaN NaN NaN NaN NaN NaN NaN NaN NaN NaN 181.9375 NaN NaN NaN NaN NaN NaN 208.15 NaN NaN NaN 180.875 103.784090908636 NaN NaN NaN NaN NaN NaN NaN NaN NaN NaN NaN 110.770833333333 NaN 109 113.479729729865 NaN 0 NaN NaN 0
0 0 0 125.613667269464 93.6929314052199 NaN 0 137.078123314747 0 0 117.970420977819 134.210602332997 NaN 0 NaN 0 NaN 139.031953811615 0 NaN 0 0 0 155.52380952381 NaN 0 0 NaN NaN NaN 131.375000003846 NaN 109.282608695652 0 NaN NaN NaN NaN NaN NaN NaN 135.333333333333 0 0 133.725 83.8044948711337 NaN NaN NaN NaN NaN NaN NaN NaN NaN NaN NaN NaN NaN NaN NaN NaN NaN NaN NaN NaN 158.75 NaN NaN 144.6875 137.30208333125 NaN NaN NaN NaN NaN NaN NaN NaN NaN NaN NaN NaN NaN NaN NaN NaN NaN NaN NaN 84.0833333333333 NaN NaN NaN NaN 167.25
0 0 0 0 0 0 0 0 83.8084415579762 0 0 0 0 NaN 0 0 NaN 0 0 NaN 0 0 0 0 0 0 0 0 0 0 0 0 0 0 0 0 0 89.6750000004167 0 0 0 97.4230769226923 85.9760101004545 101.444255990525 0 0 0 NaN NaN NaN NaN NaN NaN NaN NaN NaN NaN 145 NaN NaN NaN NaN NaN 131.273809523016 NaN NaN NaN NaN 141 150.567269076305 144.229166667803 NaN NaN 86.4144021743207 NaN NaN NaN NaN NaN NaN 129.685483869355 NaN NaN 130.487288137288 123.987179488462 NaN NaN NaN NaN NaN 97.5263157897368 NaN NaN NaN NaN NaN
88.3142382733879 89.51250000025 0 0 0 0 NaN 0 NaN NaN 0 NaN NaN 0 NaN 87.5833333333333 0 NaN NaN 0 NaN NaN NaN 0 NaN NaN NaN 0 NaN NaN NaN NaN NaN NaN 0 NaN NaN NaN 0 NaN NaN 0 NaN NaN 0 0 NaN 0 NaN NaN NaN 0 NaN 0 NaN 0 NaN NaN NaN NaN NaN 118.8 86.1788438276999 NaN 0 NaN NaN 0 NaN NaN NaN 0 NaN NaN NaN 0 NaN NaN NaN NaN NaN NaN 111.337478565886 NaN NaN NaN 112.794871794872 123.75 NaN 142.847222222222 NaN NaN 0 114.171428575571 NaN 0
0 0 0 0 0 0 0 0 0 0 0 0 0 0 87.5833333333333 NaN NaN 0 0 NaN 0 0 0 84.8162878787121 0 0 0 0 NaN 0 0 0 0 0 0 0 0 NaN 0 0 0 0 0 0 0 0 0 0 153.973115290216 146.751515831484 135.146075568817 183.942307703846 176.176724139655 NaN NaN 217.041666660417 NaN 125.428538447013 NaN 222.696428571429 157.555 150.088541673958 NaN 106.557325283367 NaN NaN 134.033890951632 NaN 109.129079749305 118.625718166171 104.620793900271 190.25 119.212711862712 0 90.1011770683516 88.1875 NaN 96.507022644623 NaN 120.965909086364 108.21633449523 107.127032515275 NaN 110.414644906806 100.463780065642 NaN 119.433333333333 152.951807228313 NaN 135.590995262796 0 102.675997579845 123.954602768153 147.134162868542 NaN 104.916666666667
0 NaN 0 0 0 0 NaN 0 NaN NaN 0 NaN NaN NaN 0 NaN NaN NaN NaN 0 NaN NaN NaN 0 NaN NaN 0 0 NaN NaN NaN NaN NaN NaN 0 NaN NaN NaN NaN NaN NaN NaN NaN NaN 0 0 NaN 0 NaN NaN NaN 0 NaN 0 NaN 0 NaN NaN NaN NaN NaN 113.715909090909 0 NaN 0 NaN NaN 0 NaN NaN NaN 0 NaN NaN NaN 0 NaN NaN NaN NaN NaN NaN 98.5142857137327 NaN NaN NaN 92.0529556650246 NaN NaN 137.45000001 NaN NaN 0 0 NaN 0
0 98.4797619086071 0 0 0 NaN 114.125711863557 0 NaN 85.9845964848597 0 0 139.031953811615 0 NaN 0 NaN NaN 143.474019603431 NaN 115.046444966406 146.933941993179 129.436456387268 0 NaN 129.825757575758 NaN NaN 0 NaN NaN 0 126.125 NaN 0 NaN NaN 0 0 NaN 0 0 0 NaN 0 0 0 NaN NaN NaN NaN NaN NaN NaN NaN NaN NaN NaN NaN NaN NaN NaN NaN NaN NaN NaN NaN NaN NaN NaN NaN NaN NaN NaN NaN NaN NaN NaN NaN NaN NaN NaN NaN NaN NaN NaN NaN 0 NaN NaN NaN NaN 0 NaN NaN 0
0 82.7806104273017 88.6896576644904 134.718005952976 99.2846152424219 NaN 0 141.959476336116 0 0 125.225054521525 139.753717145341 0 0 NaN 0 NaN 143.474019603431 NaN NaN 0 0 0 NaN 162.625 0 0 NaN 165 158 139.875 NaN 0 0 NaN 0 0 NaN NaN NaN NaN 115.5 0 83.5090090094594 130.833333333333 92.280190483132 NaN NaN 91.0076923140385 104.172222221556 104.851890755672 115.678571428571 NaN NaN NaN 157.906249994444 0 0 154.85 159.225 0 97.0521364768272 NaN 0 NaN 168.833333333333 0 NaN 0 126.885991639014 0 NaN NaN 0 103.738691264922 NaN NaN NaN NaN NaN 124.703560377245 93.8665158390271 NaN 132.07732496698 121.25 NaN NaN NaN NaN NaN 0 114.25 138.892857142857 100.812667259389 NaN NaN
87.3287671235616 83.7083333341667 0 0 0 0 NaN 0 NaN NaN 0 0 NaN NaN 0 NaN 0 NaN NaN NaN NaN NaN NaN 0 NaN NaN 0 0 NaN NaN NaN NaN NaN 104.772727272727 0 NaN NaN NaN 0 0 NaN 0 0 0 0 0 NaN 0 NaN NaN NaN 0 NaN 0 NaN 0 NaN NaN NaN 104.458333333333 NaN 96.1490610324413 0 NaN 0 91.374999995 NaN 0 NaN NaN NaN 0 NaN NaN NaN 0 NaN NaN NaN NaN NaN NaN 85.7533746611943 NaN NaN NaN 90.6368077148933 90.9949832767224 NaN 118.469714286171 0 NaN 0 89.0395752923037 NaN 0
0 0 0 101.211215922878 0 103.75 0 112.493647242696 0 0 96.8869837749242 110.559264805068 0 0 NaN 0 NaN 115.046444966406 0 NaN NaN 0 0 NaN NaN 0 0 NaN NaN NaN NaN NaN 0 0 NaN 0 NaN NaN NaN NaN NaN 133.5 0 0 110.894957977311 0 NaN NaN 131.138888888889 NaN NaN NaN NaN NaN NaN NaN NaN 127.987946424018 NaN NaN 129.5000000125 NaN NaN 92.5535714283333 NaN NaN 129.944142674742 NaN 107.418076332954 116.08816603587 106.104431038408 NaN NaN 0 84.6581113854452 NaN NaN NaN NaN NaN 103.605163782208 107.459225471515 NaN 113.838545525458 107.875 NaN NaN NaN NaN NaN 0 NaN NaN NaN NaN 133.875
0 0 0 125.098011363731 98.3920277448463 96.5934065972527 0 146.172948007333 0 0 120.413564087339 138.435144521092 0 0 NaN 0 NaN 146.933941993179 0 NaN 0 NaN 0 NaN 0 0 0 NaN 133.174999997143 93.9687500017187 98.0824225903552 90.8037500004 0 0 NaN 0 0 87.6488095238095 82.962500005375 NaN NaN 0 0 0 NaN 84.6237340905484 0 113.5 NaN 155.25 134.348837210465 NaN NaN NaN NaN NaN NaN 126.415772634679 NaN NaN 144.416666666667 NaN NaN 103.344416376467 NaN NaN 147.568463414199 NaN 109.708226356333 121.05910448293 124.568377886081 NaN NaN 0 95.3390605226741 NaN NaN NaN NaN NaN 110.666121600922 110.95868883155 NaN 112.727957218331 93.7159056826394 NaN NaN NaN NaN NaN 0 118.947560968049 NaN 150.031250003125 NaN NaN
0 0 0 115.405645159597 86.1451089785711 98 0 129.314647335754 0 0 111.19252772803 126.76875245566 0 0 NaN 0 NaN 129.436456387268 0 NaN 0 0 NaN 136.25 NaN 0 0 NaN NaN NaN NaN NaN 0 0 NaN 0 0 NaN NaN NaN NaN 0 0 0 123.491666666667 0 0 NaN 121.443181814773 154.583333333333 NaN NaN 167.8125 NaN NaN 208.666666666667 NaN 114.810962298571 NaN NaN 0 137.9166666625 NaN 0 NaN NaN 0 NaN 88.8130452763708 111.375804309824 0 NaN NaN 0 0 NaN NaN NaN NaN NaN 96.6098191607894 89.6005616246708 NaN 105.909898079691 101.470238096548 NaN NaN NaN NaN NaN 0 NaN 178.375 140.937500002083 NaN 154.625
NaN 116.416666666667 0 0 NaN 0 124.6875 0 NaN 105.25 0 0 155.52380952381 0 0 84.8162878787121 0 0 NaN 0 NaN NaN 136.25 NaN 100.875 NaN 107.25 0 89.3666666666667 NaN NaN 0 NaN NaN 0 NaN NaN 0 0 0 107.369117643618 0 0 0 0 0 0 NaN NaN 184.53125 121.916666666667 85.5628683410758 101.095238095238 0 182.875 83.9422224639819 NaN NaN 82.6458333327778 86.6226689966375 NaN 85.8035251298799 93.1529732695003 NaN 0 83.0263337893297 NaN 0 NaN NaN NaN 0 131.260344827586 NaN NaN 0 125.166666666667 131.883333333333 NaN 107.25 148.892857142857 NaN 0 NaN NaN 116.5 0 0 92.5666666663333 97.8406200560217 0 114.75 0 83.035605114537 NaN 0
95.1152173847826 0 0 NaN 0 NaN 0 127.916666666667 NaN 93.8951612867742 0 0 NaN 0 NaN 0 NaN NaN 162.625 NaN NaN 0 NaN 100.875 NaN 0 0 NaN 0 0 0 0 0 0 NaN 0 0 91.2307692311538 86.9375 NaN NaN NaN NaN 0 NaN 0 0 NaN NaN NaN NaN NaN NaN NaN NaN NaN NaN NaN NaN NaN NaN NaN NaN 125.554445557892 NaN NaN NaN NaN 131.25 119.425 128.75 NaN NaN 0 111.75 NaN NaN NaN NaN NaN 121.777777777778 111 NaN 126.588461540769 119.811885245082 NaN NaN NaN NaN NaN NaN NaN NaN NaN NaN NaN
0 0 0 115.124999995833 86.075377561931 NaN 0 126.493519444217 0 0 114.536190478571 126.129790939547 0 0 NaN 0 NaN 129.825757575758 0 NaN 0 0 0 NaN 0 NaN 0 0 NaN 0 NaN 0 0 0 NaN 0 0 NaN NaN NaN NaN 0 0 0 102.208806821307 0 0 NaN 102.509259255556 94.1194341389796 86.4752855179907 NaN NaN NaN NaN NaN NaN 0 NaN NaN 85.5284090954545 84.9086206901724 NaN 0 NaN NaN 0 NaN 0 0 0 NaN 0 0 0 NaN NaN 0 0 NaN 0 0 NaN 0 0 NaN NaN NaN NaN 84.9405172415735 0 0 94.5585937461942 93.2670807451242 NaN NaN
0 0 0 NaN 102.3125 NaN 0 124.666666666667 0 0 122.166666666667 130.85 0 0 NaN 0 0 NaN 0 0 0 0 0 107.25 0 0 NaN 0 NaN 0 NaN 0 0 0 NaN 0 0 NaN 0 0 0 0 0 0 0 0 0 NaN 128.833333333333 129.229166666667 111.89048269531 NaN NaN NaN NaN 191.375 NaN 96.9526719686035 NaN NaN 114.235294117647 108.678571435714 NaN 0 NaN NaN 100.17259358252 NaN 82.5011680345072 83.7549073701735 0 NaN NaN 0 0 0 NaN 0 NaN 0 0 0 NaN 0 0 NaN NaN NaN 82.8928571426191 99.72361110125 0 0 0 124.654671716793 NaN NaN
NaN NaN 0 0 NaN 0 NaN 0 NaN NaN NaN 0 NaN 0 0 0 0 NaN NaN 0 NaN NaN NaN 0 NaN 0 0 NaN NaN 0 NaN 0 NaN 0 0 0 0 NaN 0 0 0 0 0 0 0 0 0 0 NaN 163.020833333333 0 102.732999813251 110.75 96.2929104496401 172.041666666667 85.5654423596243 NaN NaN 0 0 NaN 0 0 85.9995327105327 0 0 NaN 0 NaN NaN NaN 0 111.714673915217 NaN 0 0 NaN 0 108.65 0 124.15625 0 0 0 0 0 0 0 0 0 0 0 0 0 NaN 0
NaN 0 NaN NaN 0 NaN 0 NaN NaN NaN 0 0 NaN 0 NaN NaN NaN 0 165 NaN NaN 133.174999997143 NaN 89.3666666666667 0 NaN NaN NaN NaN 0 0 0 0 NaN NaN 0 0 NaN 0 98.75 0 NaN NaN NaN NaN 0 84.05 NaN NaN NaN NaN NaN NaN NaN NaN NaN NaN NaN NaN NaN NaN NaN NaN NaN NaN NaN NaN NaN NaN NaN NaN NaN NaN NaN NaN NaN NaN NaN NaN NaN NaN NaN NaN NaN NaN NaN NaN NaN NaN NaN NaN NaN NaN NaN NaN NaN
NaN 0 0 NaN 0 NaN 0 NaN NaN NaN 0 0 NaN 0 NaN 0 NaN NaN 158 NaN NaN 93.9687500017187 NaN NaN 0 0 0 0 0 NaN 0 0 0 0 NaN 0 0 0 0 0 0 0 0 0 0 0 0 NaN NaN 150.750000005556 NaN NaN NaN NaN NaN NaN NaN 116.79444445 NaN NaN NaN NaN NaN 101.569088117389 NaN NaN NaN NaN 113.569444447222 105.9125 NaN NaN NaN 0 0 0 NaN 85.5099706980309 NaN 0 104.616650048487 0 NaN 97.4445139088063 91.8301196205308 NaN 151.6875 138.75 101.270833333333 0 0 87.8134799664467 0 134.321428571429 NaN NaN
NaN 0 0 NaN 0 NaN 0 NaN NaN 0 0 0 131.375000003846 0 NaN 0 NaN NaN 139.875 NaN NaN 98.0824225903552 NaN NaN 0 NaN NaN NaN 0 0 NaN 0 0 NaN NaN 0 0 NaN NaN NaN NaN NaN NaN 0 NaN 0 0 NaN NaN NaN NaN NaN NaN NaN NaN NaN NaN NaN NaN NaN NaN NaN NaN NaN NaN NaN NaN NaN NaN NaN NaN NaN NaN NaN NaN NaN NaN NaN NaN NaN NaN NaN NaN NaN NaN NaN NaN NaN NaN NaN NaN NaN NaN NaN NaN NaN
NaN 0 0 NaN NaN NaN 0 165.166666666667 NaN NaN NaN 0 NaN 0 NaN 0 NaN 0 NaN NaN NaN 90.8037500004 NaN 0 0 0 0 0 0 0 0 NaN 0 0 NaN 0 0 0 0 0 0 0 0 0 0 0 0 NaN NaN NaN NaN NaN NaN NaN NaN NaN NaN NaN NaN NaN NaN NaN NaN NaN NaN NaN NaN NaN 128.833333333333 NaN NaN NaN NaN NaN 0 0 NaN 0 NaN 0 NaN 0 NaN 86.0921756467613 0 NaN 90.7624153501354 0 88.1900940300567 0 0 0 0 0 NaN NaN
0 0 0 123.5625 91.0332138635791 100.75 0 141.625 0 0 90.2391307090822 0 109.282608695652 0 NaN 0 NaN 126.125 0 NaN 0 0 0 NaN 0 0 0 NaN 0 0 0 0 NaN 0 NaN 0 0 0 0 NaN 0 0 0 0 87.2223684208454 0 0 NaN 150.591200459732 139.218857495104 132.979024766687 NaN NaN NaN 119.833333333333 NaN 125.7625000025 116.196014923906 205 211.4 138.28125 142.436567158209 NaN 99.4280634604951 NaN NaN 135.655215847938 NaN 102.06864350704 108.229537664451 98.3906510530657 NaN 119.694805194805 0 84.4931612839435 NaN NaN 91.279306220323 NaN 131 101.622664821062 101.884984535677 NaN 105.625974706047 93.2578679645085 NaN NaN NaN NaN 119.896572988092 0 103.514176846043 149.152439023171 144.334470526747 NaN NaN
0 0 0 NaN NaN NaN 0 NaN NaN 0 NaN NaN 0 0 NaN 0 NaN NaN 0 104.772727272727 0 0 0 NaN 0 0 0 0 NaN 0 NaN 0 0 NaN NaN 0 0 NaN NaN 0 0 0 0 0 0 0 NaN NaN 137 125.438172046237 NaN NaN NaN NaN NaN NaN NaN 105.660060982896 NaN NaN NaN NaN NaN 93.0044749077254 NaN NaN 123.822916664583 NaN NaN 99.5386993993644 98.9709187066953 NaN 115.458333333333 0 0 0 NaN 0 NaN 0 93.1721404651724 0 NaN 90.1962285812303 87.0611966969019 NaN NaN NaN NaN 105.181654672086 0 83.5961974117857 0 NaN NaN NaN
NaN NaN 0 NaN NaN NaN NaN 0 NaN NaN NaN 0 NaN 0 0 0 0 0 NaN 0 NaN NaN NaN 0 NaN NaN NaN 0 NaN NaN NaN NaN NaN NaN NaN NaN NaN 0 0 0 0 0 0 0 0 0 0 NaN 215.25 NaN 113.250000004167 107.708823536765 NaN 104.987999041469 NaN 101.835127202684 NaN NaN 90.875 102.083333330833 NaN 94.89517345454 110.343855217466 NaN 0 83.5987903225806 NaN 0 NaN NaN NaN 85.8810016764917 NaN NaN NaN 0 NaN 140.479166666667 NaN 127.416666666667 NaN NaN 86.9121301445838 NaN NaN 110.016666666667 83.5318812635047 0 88.5819397988736 100.226990908006 0 114.958333333333 0 88.7769095144688 NaN 0
92.5540966383613 0 0 94.25 119.785714292857 NaN 0 168.625 NaN 0 117.722222231944 0 NaN 0 NaN 0 NaN NaN 0 NaN 0 0 0 NaN 0 0 0 0 0 0 0 0 0 0 NaN NaN 0 0 0 NaN 0 0 0 0 89.1185421441665 0 0 NaN 157.904924622101 147.871246764866 139.411248140882 NaN NaN NaN 143.833333333333 NaN 132.055555551852 120.000536166825 214.5 NaN 149.333333333333 149.5039999992 NaN 105.946793843276 NaN NaN 140.326666666667 NaN 108.840676665497 109.177193146885 102.061264099784 NaN 123.481250002083 0 86.7593377434198 0 NaN 98.393077287062 NaN 97.9791666666667 106.463180808472 101.919898106435 NaN 108.500758022839 101.494351734403 NaN NaN NaN NaN 115.309582304627 0 108.5673155069 111.457746477465 143.710829490553 NaN NaN
83.156249999375 0 0 82.7 111.625 NaN 0 154.03125 NaN 0 107.306985303309 0 NaN 0 NaN 0 NaN NaN 0 NaN NaN 0 0 NaN 0 0 0 0 0 0 0 0 0 0 NaN 0 NaN 0 NaN NaN 84.1843065695337 0 0 0 0 0 0 NaN 152.777116416551 138.828912664233 132.404493246003 NaN NaN NaN 127.279411761765 NaN 130.588235294118 113.81753046592 205 214 158.75 141.533673462857 NaN 99.1947432429692 NaN 211.5 143.476116627233 NaN 104.43128884052 104.56942910334 99.6166084870827 NaN 114.881686035959 0 0 0 NaN 94.7820184170533 116.339999996 90.2080674609821 101.611773716215 89.9639493386007 NaN 99.7718727468602 94.0434342096057 NaN NaN NaN NaN 103.423076920817 0 97.8905303647134 96.4174907563635 137.570846082798 NaN NaN
NaN 0 0 NaN NaN NaN 0 NaN NaN NaN NaN 0 NaN 89.6750000004167 NaN NaN NaN 0 NaN NaN NaN 87.6488095238095 NaN 0 91.2307692311538 NaN NaN NaN NaN 0 NaN 0 0 NaN 0 0 0 NaN 0 NaN 0 NaN NaN NaN NaN 0 NaN NaN NaN NaN NaN NaN NaN NaN NaN NaN NaN NaN NaN NaN NaN NaN NaN NaN NaN NaN NaN NaN NaN NaN NaN NaN NaN NaN NaN NaN NaN NaN NaN NaN NaN NaN NaN NaN NaN NaN NaN NaN NaN NaN NaN NaN NaN NaN NaN NaN
NaN 0 0 NaN NaN NaN 0 0 NaN NaN NaN 0 NaN 0 0 0 NaN 0 NaN 0 NaN 82.962500005375 NaN 0 86.9375 NaN 0 0 0 0 NaN 0 0 NaN 0 0 NaN 0 NaN 0 0 0 0 0 0 0 0 NaN 208.666666666667 168.214285714286 99.6668660230502 NaN 107.666666666667 NaN NaN 124.625 NaN NaN NaN 103.335526315395 NaN 94.3277777783072 NaN 99.9972826098913 NaN 0 NaN 0 NaN NaN NaN 0 120.40625 NaN 0 0 NaN 129.5625 NaN 115.339130435072 163 NaN 84.0304759026086 NaN NaN 92.6195652181884 0 0 84.697439353171 95.8977392900483 0 106.083333333333 0 84.9509547346312 NaN NaN
NaN NaN 0 NaN NaN NaN NaN 85.4166666666667 NaN NaN NaN 0 NaN 0 NaN 0 NaN NaN NaN 0 NaN NaN NaN 0 NaN NaN 0 0 98.75 0 NaN 0 NaN 0 0 NaN NaN NaN 0 NaN 0 0 0 0 0 0 NaN NaN NaN NaN 103.11094847137 NaN NaN NaN NaN NaN NaN NaN NaN 110.0625 NaN NaN NaN NaN NaN 102.125 NaN 0 NaN NaN NaN 0 NaN NaN 0 0 NaN NaN NaN 0 146.25 108 85.8792568174555 NaN NaN 85.3645833335417 0 0 90.4466692897907 99.083124477406 0 99.375 0 85.1687072408863 NaN NaN
NaN NaN 0 NaN NaN NaN 108.125 NaN NaN NaN NaN 0 NaN 0 NaN 0 NaN 0 NaN NaN NaN NaN NaN 107.369117643618 NaN NaN 0 0 0 0 NaN 0 0 0 0 0 84.1843065695337 0 0 0 NaN 0 0 0 0 0 0 NaN NaN NaN 107.66776018276 NaN NaN NaN NaN NaN NaN NaN NaN 119.805555555556 NaN NaN NaN 111.622222226667 NaN NaN NaN NaN NaN NaN NaN 90.2663043479348 NaN NaN 0 0 NaN 110.78125000625 NaN 86.2875525926354 NaN NaN NaN NaN NaN 86.2459839365863 83.7705948824601 0 93.2495169077089 101.72549019549 117.75 NaN 0 96.6665551766455 NaN NaN
0 0 0 0 102.25 0 86.2782258069355 0 NaN 82.9230769226923 0 0 135.333333333333 97.4230769226923 0 0 NaN 0 115.5 0 133.5 0 0 0 NaN 0 0 0 NaN 0 NaN 0 0 0 0 0 0 NaN 0 0 0 NaN 0 0 0 0 0 0 0 160.775000005 0 NaN NaN 0 NaN 101.985294117647 NaN 145.865694172032 NaN NaN NaN 89.8571428575 NaN 122.775107595122 NaN 100.292857142857 155.294642860714 0 134.247527478846 137.22636815709 130.707258057661 83.6273584898946 104.166666666667 82.6972287232026 101.518887362143 0 NaN NaN NaN NaN 131.215476183492 117.363636361061 90.3158825813071 128.456018522751 126.247347480239 NaN 84.0525641020961 0 NaN 0 0 92.0810810797297 0 0 0 0
0 0 0 0 99.4464285714286 0 0 0 0 0 125.703125003125 97.5575801762099 0 85.9760101004545 NaN 0 NaN 0 0 0 0 0 0 0 NaN 0 0 0 NaN 0 NaN 0 0 0 0 0 0 NaN 0 0 0 0 NaN 0 0 0 0 0 86.3412162160811 107.694444444444 96.5625 NaN 124.666666666667 0 NaN 169.9375 0 0 NaN NaN 0 106.875 NaN 0 NaN NaN 0 0 0 0 0 0 NaN 0 0 0 NaN 0 NaN 0 0 0 0 0 0 0 0 0 0 0 0 0 0 0 NaN 0
0 83.2030710337241 0 NaN 127.799773759502 NaN 0 83.3653472556362 NaN 0 140.680555555556 105.635563379225 0 101.444255990525 NaN 0 NaN NaN 83.5090090094594 0 0 0 0 0 0 0 0 0 NaN 0 0 0 0 0 0 0 0 NaN 0 0 0 0 0 NaN 0 0 0 NaN 156 149.303066034316 159.903846151573 NaN NaN NaN NaN NaN NaN 136.995856518401 NaN NaN NaN 153.25 NaN 115.013185022016 NaN NaN 159.387867658456 NaN 122.300263996713 134.681916999368 121.878584140595 NaN 113.673076923462 0 0 0 NaN 87.5784373366735 NaN 0 114.382461134305 87.3132748068663 NaN 105.316422079301 104.934445652171 NaN NaN NaN NaN 0 0 91.5504742710884 93.6132246396377 162.082589282589 NaN 85.875
0 0 0 0 0 0 110.4583333375 0 NaN 0 0 0 133.725 0 0 0 0 0 130.833333333333 0 110.894957977311 NaN 123.491666666667 0 NaN 102.208806821307 0 0 NaN 0 NaN 0 87.2223684208454 0 0 89.1185421441665 0 NaN 0 0 0 0 0 0 NaN 0 0 0 141.428571428571 158.675 0 0 0 0 NaN 0 NaN NaN NaN 0 NaN 0 0 108.46909633211 0 0 NaN 0 NaN NaN NaN 0 89.9166666666667 110.255847950292 0 0 NaN 0 NaN 0 148.805555559259 0 0 109.010752686022 102.501369867623 89.7440476189286 0 0 0 0 0 0 0 0 NaN 0
0 0 0 0 0 0 0 0 0 0 0 0 83.8044948711337 0 0 0 0 0 92.280190483132 0 0 84.6237340905484 0 0 0 0 0 0 0 0 0 0 0 0 0 0 0 0 0 0 0 0 0 0 0 NaN 0 0 NaN NaN 87.9166666672222 0 NaN 0 NaN NaN NaN 154.6875 NaN NaN NaN NaN NaN 128.839714712012 0 NaN 171.847222227778 96.7211538461538 144.016666666667 160.848373986179 153.209821427679 118.625 NaN 84.5253906255636 127.129256961405 0 NaN NaN NaN 116.333333333333 139.590517247069 168.392857142857 100.6 142.996453913298 129.289906106103 NaN 92.618750000625 89.4571917801712 NaN 121.3 0 NaN 0 96.7243589701282 NaN 0
0 87.4081751584545 0 0 144.625 0 89.1500000003192 0 NaN 0 0 0 NaN 0 NaN 0 NaN 0 NaN NaN NaN 0 0 0 0 0 0 0 84.05 0 0 0 0 NaN 0 0 0 NaN 0 NaN 0 0 0 0 0 0 NaN 0 NaN NaN NaN NaN NaN 0 NaN NaN NaN NaN NaN NaN NaN NaN NaN 127.75403226129 NaN NaN NaN NaN NaN NaN NaN NaN NaN 82.5737179489103 NaN NaN NaN NaN NaN NaN 135.11036035 NaN NaN 138.939461883856 134.434389140271 NaN NaN NaN NaN NaN 0 NaN NaN NaN NaN NaN
0 NaN 0 0 0 0 NaN 0 NaN 0 NaN NaN NaN NaN 0 0 0 NaN NaN 0 NaN 113.5 NaN NaN NaN NaN NaN 0 NaN NaN NaN NaN NaN NaN NaN NaN NaN NaN NaN NaN NaN 0 0 NaN 0 0 0 NaN NaN NaN NaN 0 0 0 NaN NaN NaN NaN NaN NaN NaN NaN NaN NaN 0 NaN NaN NaN NaN NaN NaN NaN NaN NaN NaN NaN NaN NaN NaN NaN NaN NaN NaN NaN NaN NaN NaN NaN NaN 0 0 NaN 0 0 NaN 0
NaN NaN NaN NaN NaN 92.75 NaN 139.875 NaN NaN NaN NaN NaN NaN NaN 153.973115290216 NaN NaN 91.0076923140385 NaN 131.138888888889 NaN 121.443181814773 NaN NaN 102.509259255556 128.833333333333 NaN NaN NaN NaN NaN 150.591200459732 137 215.25 157.904924622101 152.777116416551 NaN 208.666666666667 NaN NaN 0 86.3412162160811 156 141.428571428571 NaN NaN NaN NaN 0 0 0 0 0 0 0 0 0 83.973901682283 100.207430814176 0 0 NaN 0 0 86.0389335800532 0 133.91408045977 0 0 0 148.921052636842 0 0 0 166.265624996875 93.2281209783564 122.666942904144 97.6657763516453 128.942230271659 91.2000839621684 82.45 155.009740259091 105.478883860117 95.700203250813 137.20658649512 156.160087717544 NaN NaN 0 0 0 0 0 0 0
NaN NaN NaN NaN NaN NaN NaN NaN NaN NaN NaN NaN NaN NaN NaN 146.751515831484 NaN NaN 104.172222221556 NaN NaN 155.25 154.583333333333 184.53125 NaN 94.1194341389796 129.229166666667 163.020833333333 NaN 150.750000005556 NaN NaN 139.218857495104 125.438172046237 NaN 147.871246764866 138.828912664233 NaN 168.214285714286 NaN NaN 160.775000005 107.694444444444 149.303066034316 158.675 NaN NaN NaN 0 NaN 0 0 0 90.701086956087 0 92.5027014555199 0 0 106.65031877698 112.143398622421 0 0 NaN 0 NaN 110.177950648755 90.5825203452314 150.321153844108 0 0 82.8082581142542 131.568646238736 0 83.848352712876 109.647058823824 145.458333325 0 97.7050390104413 0 90.1922872367337 0 86.6919642855357 158.633169924183 0 0 111.069305453672 143.144293336966 136.948863634091 127.928571435714 104.434523809524 100.242445050788 0 100.793959660812 0 NaN 99.0416666666667
NaN NaN 0 NaN NaN 0 NaN NaN NaN NaN NaN NaN NaN NaN NaN 135.146075568817 NaN NaN 104.851890755672 NaN NaN 134.348837210465 NaN 121.916666666667 NaN 86.4752855179907 111.89048269531 0 NaN NaN NaN NaN 132.979024766687 NaN 113.250000004167 139.411248140882 132.404493246003 NaN 99.6668660230502 103.11094847137 107.66776018276 0 96.5625 159.903846151573 0 87.9166666672222 NaN NaN 0 0 NaN 0 0 0 0 0 0 0 0 0 88.2175644124668 0 0 0 0 0 92.039706373039 0 0 0 0 0 0 0 0 0 NaN 0 0 0 0 0 83.6000733126246 0 0 0 0 0 0 0 0 0 0 0 0 0
NaN NaN NaN 0 NaN 0 NaN 0 NaN NaN NaN NaN NaN NaN 0 183.942307703846 0 NaN 115.678571428571 0 NaN NaN NaN 85.5628683410758 NaN NaN NaN 102.732999813251 NaN NaN NaN NaN NaN NaN 107.708823536765 NaN NaN NaN NaN NaN NaN NaN NaN NaN 0 0 NaN 0 0 0 0 NaN 0 0 106.273214417799 0 0 0 0 0 118.95663575795 0 0 0 0 0 122.685521420943 0 86.9355656036822 136.076543738336 102.062797668329 0 0 NaN NaN 0 NaN NaN 0 NaN 141.697473400133 NaN 0 NaN NaN 177 0 NaN NaN 0 0 0 0 0 0 0
NaN NaN NaN NaN NaN NaN NaN NaN NaN NaN NaN NaN NaN NaN NaN 176.176724139655 NaN NaN NaN NaN NaN NaN 167.8125 101.095238095238 NaN NaN NaN 110.75 NaN NaN NaN NaN NaN NaN NaN NaN NaN NaN 107.666666666667 NaN NaN NaN 124.666666666667 NaN 0 NaN NaN 0 0 0 0 0 NaN 0 0 0 0 0 0 0 102.69857404547 0 NaN 0 0 0 108.698926151986 0 0 102.202932234964 94.1979111923594 0 0 NaN NaN 0 0 113.595833332083 0 155.014705882353 106.512934098197 NaN 0 98.5 132.5 153.886507937937 0 0 NaN 105.472222222222 0 0 0 0 0 0
88.3333333333333 NaN 0 0 92.25 0 NaN 0 NaN NaN NaN NaN NaN NaN 0 NaN 0 NaN NaN 0 NaN NaN NaN 0 NaN NaN NaN 96.2929104496401 NaN NaN NaN NaN NaN NaN 104.987999041469 NaN NaN NaN NaN NaN NaN 0 0 NaN 0 0 0 0 0 90.701086956087 0 0 0 NaN 119.75 0 0 0 NaN NaN 137.689393939394 0 0 0 0 NaN 131.073244550363 0 106.625000007208 93.0677364836757 103.508333335833 0 0 NaN NaN 0 NaN 0 NaN 0 85.1276978422662 NaN 0 86.1376760562394 0 NaN 0 NaN 85.0812499997083 0 0 0 0 0 0 0
NaN NaN NaN NaN NaN NaN NaN NaN NaN NaN NaN NaN NaN NaN NaN NaN NaN NaN NaN NaN NaN NaN NaN 182.875 NaN NaN NaN 172.041666666667 NaN NaN NaN NaN 119.833333333333 NaN NaN 143.833333333333 127.279411761765 NaN NaN NaN NaN NaN NaN NaN NaN NaN NaN NaN 0 0 0 106.273214417799 0 119.75 NaN 119.502315302542 0 0 114.89934494523 117.331963967515 0 0 NaN 0 NaN 124.27600195631 0 141.680555559259 0 0 0 130.956595846215 0 0 NaN 148.037037040741 0 95.1525571127007 0 96.265647616443 0 NaN 151.265624998611 0 0 103.726628886519 137.52636718457 NaN NaN 96.1406250005208 91.1487206817804 0 106.040312963677 0 NaN NaN
NaN NaN NaN NaN NaN 101.5 NaN 0 NaN NaN NaN NaN NaN NaN 0 217.041666660417 0 NaN 157.906249994444 0 NaN NaN 208.666666666667 83.9422224639819 NaN NaN 191.375 85.5654423596243 NaN NaN NaN NaN NaN NaN 101.835127202684 NaN NaN NaN 124.625 NaN NaN 101.985294117647 169.9375 NaN 0 NaN NaN NaN 0 92.5027014555199 0 0 0 0 119.502315302542 NaN 88.9589002931071 0 0 0 142.046522803056 0 0 0 0 0 146.67222900357 0 109.781102585985 148.185192307237 131.044882306308 0 94.8175117917728 NaN 134.083333333333 0 0 112.053939964653 95.6559139790502 161.791666669444 150.915027370546 NaN 0 NaN NaN 138.316911768676 0 87.0833333333333 NaN 0 0 103.599815720405 0 0 0 0
NaN NaN NaN NaN NaN NaN NaN NaN NaN NaN NaN NaN NaN NaN NaN NaN NaN NaN 0 NaN NaN NaN NaN NaN NaN NaN NaN NaN NaN NaN NaN NaN 125.7625000025 NaN NaN 132.055555551852 130.588235294118 NaN NaN NaN NaN NaN 0 NaN NaN NaN NaN NaN 0 0 0 0 0 0 0 88.9589002931071 NaN 0 84.7980769235489 96.4141843971986 0 0 NaN 0 NaN 95.4881097571037 0 NaN 0 0 0 NaN 90.84375 NaN NaN NaN NaN NaN NaN NaN 0 NaN NaN NaN NaN NaN NaN NaN NaN 0 0 0 0 0 NaN NaN
NaN 149.625 125 NaN NaN NaN 149.5 NaN NaN 144.993589744872 NaN NaN NaN 145 NaN 125.428538447013 NaN NaN 0 NaN 127.987946424018 126.415772634679 114.810962298571 NaN NaN 0 96.9526719686035 NaN NaN 116.79444445 NaN NaN 116.196014923906 105.660060982896 NaN 120.000536166825 113.81753046592 NaN NaN NaN NaN 145.865694172032 0 136.995856518401 NaN 154.6875 NaN NaN 0 0 0 0 0 0 0 0 0 NaN 0 84.1318900407663 0 0 NaN 0 NaN 83.516684660537 0 119.025 0 0 0 89.9657595687799 0 0 0 117.5 NaN 0 88.3035714285714 0 0 0 125.087500005 0 0 106.126209680847 0 110.366666666667 0 0 0 0 0 0 0 0
NaN NaN NaN NaN NaN NaN NaN 0 NaN NaN NaN NaN NaN NaN NaN NaN NaN NaN 154.85 NaN NaN NaN NaN 82.6458333327778 NaN NaN NaN 0 NaN NaN NaN NaN 205 NaN 90.875 214.5 205 NaN NaN NaN NaN NaN NaN NaN NaN NaN NaN NaN 83.973901682283 106.65031877698 0 0 0 NaN 114.89934494523 0 84.7980769235489 0 NaN 0 137.513664214363 0 NaN 90.7368421051316 NaN 0 142.306365059409 0 106.053301723051 136.065673167156 128.250000003279 0 0 NaN NaN 0 0 0 0 0 98.8045037558922 NaN 0 95.6458333333333 NaN 96.2181005816791 0 0 0 0 0 115.25 0 0 NaN 0
NaN NaN NaN NaN NaN NaN NaN 94.775 NaN NaN NaN NaN NaN NaN NaN 222.696428571429 NaN NaN 159.225 104.458333333333 NaN NaN NaN 86.6226689966375 NaN NaN NaN 0 NaN NaN NaN NaN 211.4 NaN 102.083333330833 NaN 214 NaN 103.335526315395 110.0625 119.805555555556 NaN NaN NaN 0 NaN NaN NaN 100.207430814176 112.143398622421 0 0 0 NaN 117.331963967515 0 96.4141843971986 84.1318900407663 0 NaN 146.812804079097 0 NaN 89.6975911451042 NaN 0 151.372068909356 0 116.144373501416 145.481317191903 138.25692089548 0 0 NaN NaN 0 0 0 0 0 0 NaN 0 85.0426587302976 NaN 0 0 0 0 0 0 103.306818181364 0 0 NaN 0
NaN NaN NaN NaN NaN NaN NaN NaN NaN NaN NaN NaN NaN NaN NaN 157.555 NaN NaN 0 NaN 129.5000000125 144.416666666667 0 NaN NaN 85.5284090954545 114.235294117647 NaN NaN NaN NaN NaN 138.28125 NaN NaN 149.333333333333 158.75 NaN NaN NaN NaN NaN 0 NaN NaN NaN NaN NaN 0 0 88.2175644124668 118.95663575795 102.69857404547 137.689393939394 0 142.046522803056 0 0 137.513664214363 146.812804079097 NaN 0 NaN 0 NaN 148.250171062708 0 NaN 0 0 0 153.428787886818 108.85 NaN 0 NaN NaN NaN NaN NaN NaN 0 NaN NaN NaN NaN NaN NaN NaN 103.044537815714 0 94.2688746437126 125.261458328472 87.5937798578238 NaN NaN
NaN NaN NaN NaN NaN NaN NaN 0 NaN NaN NaN NaN NaN NaN 118.8 150.088541673958 113.715909090909 NaN 97.0521364768272 96.1490610324413 NaN NaN 137.9166666625 85.8035251298799 NaN 84.9086206901724 108.678571435714 0 NaN NaN NaN NaN 142.436567158209 NaN 94.89517345454 149.5039999992 141.533673462857 NaN 94.3277777783072 NaN NaN 89.8571428575 106.875 153.25 0 NaN NaN NaN 0 0 0 0 0 0 0 0 0 0 0 0 0 NaN NaN 0 0 0 87.5790642128887 0 0 0 0 0 0 0 82.75 0 0 0 0 0 0 84.9583333333333 0 0 0 99.3872020298619 0 0 0 0 0 0 0 0 NaN 0
NaN NaN NaN NaN NaN NaN NaN 84.4975134188363 NaN NaN NaN NaN NaN NaN 86.1788438276999 NaN 0 NaN NaN 0 NaN NaN NaN 93.1529732695003 NaN NaN NaN 0 NaN NaN NaN NaN NaN NaN 110.343855217466 NaN NaN NaN NaN NaN NaN NaN NaN NaN 0 NaN NaN NaN NaN NaN 0 0 NaN 0 NaN 0 NaN NaN NaN NaN NaN NaN NaN NaN 0 NaN NaN 0 NaN NaN NaN 0 NaN NaN NaN 0 NaN NaN NaN NaN NaN NaN 0 NaN NaN NaN 0 0 NaN 88.0333333330833 NaN NaN 0 0 NaN 0
NaN 129.410173164719 97.6502016177419 NaN NaN NaN NaN 139.71875000625 NaN 123.088541665625 NaN 181.9375 NaN 131.273809523016 NaN 106.557325283367 NaN NaN 0 NaN 92.5535714283333 103.344416376467 0 NaN 125.554445557892 0 0 85.9995327105327 NaN 101.569088117389 NaN NaN 99.4280634604951 93.0044749077254 NaN 105.946793843276 99.1947432429692 NaN 99.9972826098913 NaN 111.622222226667 122.775107595122 0 115.013185022016 108.46909633211 128.839714712012 127.75403226129 NaN 0 0 0 0 0 0 0 0 0 0 90.7368421051316 89.6975911451042 0 0 NaN NaN NaN 86.9700000006 0 NaN 0 0 0 88.0096319025472 0 0 0 0 NaN 0 0 0 0 0 99.4130434847826 0 0 0 0 0 0 0 0 0 0 0 0 0
0 NaN 0 0 0 0 NaN 0 NaN NaN NaN NaN NaN NaN 0 NaN 0 NaN NaN 0 NaN NaN NaN 0 NaN NaN NaN 0 NaN NaN NaN NaN NaN NaN 0 NaN NaN NaN NaN NaN NaN NaN NaN NaN 0 0 NaN 0 0 NaN 0 0 0 0 NaN 0 NaN NaN NaN NaN NaN 0 0 NaN NaN NaN NaN 0 NaN NaN NaN 0 NaN NaN NaN 0 NaN NaN NaN NaN NaN NaN 0 NaN NaN NaN 0 NaN NaN 111.9375 NaN NaN 0 0 NaN 0
NaN NaN NaN NaN NaN NaN NaN 92.7083333333333 NaN NaN NaN NaN NaN NaN NaN NaN NaN NaN 168.833333333333 91.374999995 NaN NaN NaN 83.0263337893297 NaN NaN NaN 0 NaN NaN NaN NaN NaN NaN 83.5987903225806 NaN 211.5 NaN 0 102.125 NaN 100.292857142857 NaN NaN 0 NaN NaN NaN 86.0389335800532 110.177950648755 0 0 0 NaN 124.27600195631 0 95.4881097571037 83.516684660537 0 0 148.250171062708 0 NaN 86.9700000006 NaN NaN 152.516359308206 0 116.779003985508 149.711875397672 140.568904329074 0 94.8760504183684 NaN NaN 0 89.4722222219444 0 85.1666666666667 0 87.5251458009758 NaN 0 103.008928571429 NaN 0 0 0 0 0 0 110.916666666667 0 0 NaN 0
141.54375000625 NaN 148.5 NaN NaN NaN 145.4 NaN NaN 145.019871782821 216 NaN 158.75 NaN NaN 134.033890951632 NaN NaN 0 NaN 129.944142674742 147.568463414199 0 NaN NaN 0 100.17259358252 NaN NaN NaN NaN NaN 135.655215847938 123.822916664583 NaN 140.326666666667 143.476116627233 NaN NaN NaN NaN 155.294642860714 0 159.387867658456 NaN 171.847222227778 NaN NaN 0 90.5825203452314 92.039706373039 122.685521420943 108.698926151986 131.073244550363 0 146.67222900357 0 0 142.306365059409 151.372068909356 0 87.5790642128887 NaN 0 NaN 152.516359308206 NaN NaN 0 0 0 159.226170558445 85.1358556978077 0 0 NaN NaN NaN 87.7458333333333 NaN 0 0 NaN 0 0 NaN NaN NaN NaN 101.745127659761 0 93.1006502909398 126.603199104615 91.2277800571156 NaN 123.875
NaN NaN NaN 85.4644039736755 NaN 0 NaN 0 NaN NaN NaN NaN NaN NaN 0 NaN 0 NaN NaN 0 NaN NaN NaN 0 NaN NaN NaN 0 NaN NaN NaN NaN NaN NaN 0 NaN NaN NaN 0 0 NaN 0 0 NaN 0 96.7211538461538 NaN NaN 133.91408045977 150.321153844108 0 0 0 0 141.680555559259 0 NaN 119.025 0 0 NaN 0 0 NaN 0 0 NaN NaN NaN 144.85 NaN 0 86.4155907926326 NaN 0 0 93 89.2315656573535 83.8915178561845 90.4315476174107 109.465811961966 NaN 0 123 NaN 82.6621417799774 0 0 0 0 0 NaN 0 0 NaN 0
133.25 134.125 140 NaN NaN NaN 136.25 NaN NaN 124.011160708482 NaN NaN NaN 141 NaN 109.129079749305 NaN NaN 0 NaN 107.418076332954 109.708226356333 88.8130452763708 NaN 131.25 0 82.5011680345072 NaN NaN 113.569444447222 NaN 128.833333333333 102.06864350704 NaN NaN 108.840676665497 104.43128884052 NaN NaN NaN NaN 134.247527478846 0 122.300263996713 NaN 144.016666666667 NaN NaN 0 0 0 86.9355656036822 0 106.625000007208 0 109.781102585985 0 0 106.053301723051 116.144373501416 0 0 NaN 0 NaN 116.779003985508 0 NaN NaN 0 0 108.799999996667 0 0 0 NaN NaN NaN NaN NaN 0 0 NaN 0 NaN NaN NaN NaN NaN 0 0 0 92.379931192737 0 NaN NaN
140.836309525595 141.003448284483 147.448924733333 NaN 178.249999995833 NaN 130.652412279167 NaN NaN 128.452968845287 198.3 NaN 144.6875 150.567269076305 NaN 118.625718166171 NaN NaN 126.885991639014 NaN 116.08816603587 121.05910448293 111.375804309824 NaN 119.425 0 83.7549073701735 NaN NaN 105.9125 NaN NaN 108.229537664451 99.5386993993644 NaN 109.177193146885 104.56942910334 NaN NaN NaN NaN 137.22636815709 0 134.681916999368 NaN 160.848373986179 NaN NaN 0 0 0 136.076543738336 102.202932234964 93.0677364836757 0 148.185192307237 0 0 136.065673167156 145.481317191903 0 0 NaN 0 NaN 149.711875397672 0 144.85 0 NaN 0 148.38484654546 0 0 0 NaN 0 0 0 0 0 0 148.65 0 0 94.6588411590326 114.373529412059 152.291666666667 NaN 0 0 0 109.695318567727 84.3183512868107 103.25 NaN
113.214987713569 129.674242424242 147.606060606061 NaN 175.133333333333 NaN 114.650000005 190 NaN 123.008335162382 201.021428571429 208.15 137.30208333125 144.229166667803 NaN 104.620793900271 NaN NaN 0 NaN 106.104431038408 124.568377886081 0 NaN 128.75 0 0 NaN NaN NaN NaN NaN 98.3906510530657 98.9709187066953 NaN 102.061264099784 99.6166084870827 NaN NaN NaN NaN 130.707258057661 0 121.878584140595 NaN 153.209821427679 NaN NaN 0 82.8082581142542 0 102.062797668329 94.1979111923594 103.508333335833 0 131.044882306308 0 0 128.250000003279 138.25692089548 0 0 NaN 0 NaN 140.568904329074 0 NaN 0 0 NaN 139.057692299301 0 0 0 0 NaN 114.583333333333 NaN NaN 0 0 NaN 0 0 NaN NaN NaN NaN 84.0638743478731 0 0 104.989451479525 0 NaN NaN
NaN NaN NaN NaN NaN NaN NaN 0 NaN NaN NaN NaN NaN NaN 0 190.25 0 NaN NaN 0 NaN NaN NaN 0 NaN NaN NaN 0 NaN NaN NaN NaN NaN NaN 85.8810016764917 NaN NaN NaN 0 0 90.2663043479348 83.6273584898946 0 NaN 0 118.625 NaN NaN 148.921052636842 131.568646238736 0 0 0 0 130.956595846215 0 NaN 89.9657595687799 0 0 153.428787886818 0 0 88.0096319025472 0 0 159.226170558445 0 108.799999996667 148.38484654546 139.057692299301 NaN 88.2290360031603 121.25 NaN 0 90.0639534880233 0 88.1083333336087 0 106.541145835234 NaN 0 0 NaN 0 0 0 0 0 0 0 0 0 NaN 0
NaN NaN NaN NaN NaN NaN NaN NaN NaN NaN NaN NaN NaN NaN NaN 119.212711862712 NaN NaN NaN NaN NaN NaN NaN 131.260344827586 NaN 0 NaN 111.714673915217 NaN NaN NaN NaN 119.694805194805 115.458333333333 NaN 123.481250002083 114.881686035959 NaN 120.40625 NaN NaN 104.166666666667 NaN 113.673076923462 89.9166666666667 NaN NaN NaN 0 0 0 0 0 0 0 94.8175117917728 90.84375 0 0 0 108.85 0 NaN 0 NaN 94.8760504183684 85.1358556978077 86.4155907926326 0 0 0 88.2290360031603 NaN 0 0 83.1499999966429 0 0 0 0 0 0 91.6670988313656 0 0 0 85.3847673705612 NaN NaN 0 0 0 82.4038834963825 0 NaN 104.361111111111
0 0 86.0631229239369 NaN NaN NaN 0 151.75 NaN 0 NaN NaN NaN 86.4144021743207 NaN 0 NaN NaN 0 NaN 0 0 0 NaN 0 0 0 NaN NaN 0 NaN NaN 0 0 NaN 0 0 NaN NaN NaN NaN 82.6972287232026 0 0 110.255847950292 84.5253906255636 82.5737179489103 NaN 0 83.848352712876 0 NaN NaN NaN 0 NaN NaN 0 NaN NaN NaN 0 NaN 0 NaN NaN 0 NaN 0 0 0 121.25 0 NaN 0 0 NaN 0 0 0 0 0 NaN 0 0 NaN NaN NaN NaN 0 0 0 0 0 NaN NaN
110.249999995833 115.157142850476 119.459051717241 NaN 151.333333333333 NaN 103.333333328788 176.666666666667 NaN 97.9105413335545 169.25 180.875 NaN NaN NaN 90.1011770683516 NaN NaN 103.738691264922 NaN 84.6581113854452 95.3390605226741 0 NaN 111.75 0 0 0 NaN 0 NaN 0 84.4931612839435 0 NaN 86.7593377434198 0 NaN 0 0 0 101.518887362143 0 0 0 127.129256961405 NaN NaN 0 109.647058823824 0 NaN NaN NaN NaN 134.083333333333 NaN 0 NaN NaN 0 82.75 NaN 0 NaN NaN 0 0 0 0 0 NaN 0 0 NaN 0 NaN 0 0 0 0 0 NaN 0 0 NaN NaN 0 0 0 0 0 0 0 NaN NaN
NaN NaN 83.2869791665104 91.75 NaN NaN NaN 0 NaN NaN NaN 103.784090908636 NaN NaN 0 88.1875 0 NaN NaN 0 NaN NaN NaN 0 NaN NaN 0 0 NaN 0 NaN 0 NaN 0 0 0 0 NaN 0 0 0 0 0 0 0 0 NaN NaN 166.265624996875 145.458333325 0 0 0 0 148.037037040741 0 NaN 117.5 0 0 NaN 0 0 0 0 0 NaN 0 NaN NaN 0 0 83.1499999966429 0 0 NaN NaN 0 89.318681319011 0 87.9385964926316 0 0 0 0 0 0 0 0 0 0 0 0 0 NaN 0
NaN NaN NaN NaN NaN NaN NaN NaN NaN NaN NaN NaN NaN NaN NaN NaN NaN NaN NaN NaN NaN NaN NaN 125.166666666667 NaN NaN NaN NaN NaN NaN NaN NaN NaN NaN NaN NaN NaN NaN NaN NaN NaN NaN NaN NaN NaN NaN NaN NaN 93.2281209783564 0 NaN NaN 0 NaN 0 0 NaN NaN 0 0 NaN 0 NaN NaN NaN 89.4722222219444 NaN 93 NaN 0 NaN 90.0639534880233 0 NaN NaN NaN NaN 0 0 0 0 NaN 94.8708333366667 0 NaN 0 87.3409090886364 NaN NaN NaN NaN NaN NaN 0 NaN NaN
NaN NaN NaN NaN NaN NaN NaN NaN NaN NaN NaN NaN NaN NaN NaN 96.507022644623 NaN NaN NaN NaN NaN NaN NaN 131.883333333333 NaN 0 0 0 NaN 85.5099706980309 NaN 0 91.279306220323 0 140.479166666667 98.393077287062 94.7820184170533 NaN 129.5625 NaN 110.78125000625 NaN 0 87.5784373366735 0 NaN NaN NaN 122.666942904144 97.7050390104413 0 NaN 113.595833332083 0 95.1525571127007 112.053939964653 NaN 0 0 0 NaN 0 NaN 0 NaN 0 NaN 89.2315656573535 NaN 0 114.583333333333 0 0 0 0 0 0 NaN 0 0 0 0 97.4626436817241 0 0 0 0 0 0 0 0 0 0 0 NaN NaN
NaN NaN NaN NaN NaN NaN NaN NaN NaN NaN NaN NaN NaN NaN NaN NaN NaN NaN NaN NaN NaN NaN NaN NaN NaN 0 NaN 108.65 NaN NaN NaN NaN NaN NaN NaN NaN 116.339999996 NaN NaN NaN NaN NaN NaN NaN NaN NaN NaN NaN 97.6657763516453 0 0 0 0 NaN 0 95.6559139790502 NaN 88.3035714285714 0 0 NaN 0 NaN 0 NaN 85.1666666666667 87.7458333333333 83.8915178561845 NaN 0 NaN 88.1083333336087 0 0 0 89.318681319011 0 0 NaN 0 0 0 91.9390527957143 0 0 NaN 85.2377622388345 NaN NaN NaN 85.3333333327778 NaN 0 0 NaN NaN
NaN NaN 118.974999995 NaN NaN NaN NaN NaN NaN NaN NaN NaN NaN NaN NaN 120.965909086364 NaN NaN NaN NaN NaN NaN NaN 107.25 NaN NaN 0 0 NaN 0 NaN 0 131 0 127.416666666667 97.9791666666667 90.2080674609821 NaN 115.339130435072 0 86.2875525926354 NaN 0 0 0 116.333333333333 NaN NaN 128.942230271659 90.1922872367337 0 NaN 155.014705882353 0 96.265647616443 161.791666669444 NaN 0 0 0 NaN 0 NaN 0 NaN 0 NaN 90.4315476174107 NaN 0 NaN 0 0 0 0 0 0 0 0 NaN 0 0 101.268292676882 0 0 0 0 0 0 0 0 0 0 0 NaN NaN
128.25 132.038461535684 133.07142857449 NaN 175.375 NaN 129.645833333333 181.416666666667 NaN 118.793809539184 185.375 NaN NaN 129.685483869355 NaN 108.21633449523 NaN NaN 124.703560377245 NaN 103.605163782208 110.666121600922 96.6098191607894 148.892857142857 121.777777777778 0 0 124.15625 NaN 104.616650048487 NaN NaN 101.622664821062 93.1721404651724 NaN 106.463180808472 101.611773716215 NaN 163 146.25 NaN 131.215476183492 0 114.382461134305 148.805555559259 139.590517247069 135.11036035 NaN 91.2000839621684 0 0 141.697473400133 106.512934098197 85.1276978422662 0 150.915027370546 0 0 98.8045037558922 0 NaN 0 NaN 0 NaN 87.5251458009758 0 109.465811961966 0 0 0 106.541145835234 0 0 0 87.9385964926316 0 0 0 0 NaN 0 115.727173911377 0 0 0 0 86.67708333375 0 0 0 0 0 0 NaN NaN
NaN NaN NaN NaN NaN NaN NaN 187 NaN 118.843292680549 NaN NaN NaN NaN NaN 107.127032515275 NaN NaN 93.8665158390271 NaN 107.459225471515 110.95868883155 89.6005616246708 NaN 111 0 0 0 NaN 0 NaN 0 101.884984535677 0 NaN 101.919898106435 89.9639493386007 NaN NaN 108 NaN 117.363636361061 0 87.3132748068663 0 168.392857142857 NaN NaN 82.45 86.6919642855357 0 NaN NaN NaN NaN NaN NaN 0 NaN NaN 0 84.9583333333333 NaN 0 NaN NaN 0 NaN 0 0 0 NaN 0 0 0 0 NaN 0 0 0 0 NaN NaN 0 0 NaN NaN 0 NaN 0 0 0 0 85.5166666666667 NaN NaN
NaN NaN NaN NaN NaN NaN NaN 0 NaN NaN NaN NaN NaN NaN 111.337478565886 NaN 98.5142857137327 NaN NaN 85.7533746611943 NaN NaN NaN 0 NaN NaN NaN 0 NaN NaN NaN NaN NaN NaN 86.9121301445838 NaN NaN NaN 84.0304759026086 85.8792568174555 NaN 90.3158825813071 0 NaN 0 100.6 NaN NaN 155.009740259091 158.633169924183 83.6000733126246 0 0 0 151.265624998611 0 NaN 125.087500005 0 0 NaN 0 0 99.4130434847826 0 0 NaN 0 NaN 148.65 NaN 0 91.6670988313656 NaN NaN 0 94.8708333366667 97.4626436817241 91.9390527957143 101.268292676882 115.727173911377 NaN NaN 130.125 NaN 85.8265573772492 0 0 0 0 0 0 0 0 NaN 0
146.583333333333 132.589893612021 143.078431367647 NaN 179.5 NaN 130.0625 NaN NaN 128.939747181492 181.4375 NaN NaN 130.487288137288 NaN 110.414644906806 NaN NaN 132.07732496698 NaN 113.838545525458 112.727957218331 105.909898079691 NaN 126.588461540769 0 0 0 NaN 97.4445139088063 NaN 86.0921756467613 105.625974706047 90.1962285812303 NaN 108.500758022839 99.7718727468602 NaN NaN NaN NaN 128.456018522751 0 105.316422079301 109.010752686022 142.996453913298 138.939461883856 NaN 105.478883860117 0 0 NaN 98.5 86.1376760562394 0 NaN NaN 0 95.6458333333333 85.0426587302976 NaN 0 NaN 0 NaN 103.008928571429 0 123 0 0 0 0 0 0 0 0 0 0 0 0 0 0 130.125 NaN 0 0 0 0 0 0 0 0 0 0 NaN NaN
NaN 124.721428576786 NaN NaN NaN NaN 111.166666666667 NaN NaN 111.16260162439 170.25 NaN NaN 123.987179488462 NaN 100.463780065642 NaN NaN 121.25 NaN 107.875 93.7159056826394 101.470238096548 NaN 119.811885245082 0 0 0 NaN 91.8301196205308 NaN 0 93.2578679645085 87.0611966969019 NaN 101.494351734403 94.0434342096057 NaN NaN NaN NaN 126.247347480239 0 104.934445652171 102.501369867623 129.289906106103 134.434389140271 NaN 95.700203250813 0 0 NaN 132.5 0 0 NaN NaN 0 NaN NaN NaN 0 NaN 0 NaN NaN 0 NaN NaN 0 0 NaN 0 0 0 0 NaN 0 0 0 0 0 NaN 0 NaN 0 0 83.5375000004167 0 0 0 0 0 0 NaN NaN
NaN NaN NaN NaN NaN NaN NaN NaN NaN NaN NaN NaN NaN NaN NaN NaN NaN NaN NaN NaN NaN NaN NaN 116.5 NaN NaN NaN 0 NaN NaN NaN NaN NaN NaN 110.016666666667 NaN NaN NaN 92.6195652181884 85.3645833335417 86.2459839365863 NaN 0 NaN 89.7440476189286 NaN NaN NaN 137.20658649512 111.069305453672 0 177 153.886507937937 NaN 103.726628886519 138.316911768676 NaN 106.126209680847 96.2181005816791 0 NaN 99.3872020298619 NaN 0 NaN 0 NaN 82.6621417799774 NaN 94.6588411590326 NaN 0 0 NaN NaN 0 0 0 NaN 0 0 NaN 85.8265573772492 0 0 NaN 0 0 0 0 88.6696428569643 0 0 0 NaN NaN
NaN NaN 110.569444441667 NaN NaN NaN NaN 88.7486969115299 NaN NaN NaN NaN NaN NaN 112.794871794872 119.433333333333 92.0529556650246 NaN NaN 90.6368077148933 NaN NaN NaN 0 NaN NaN NaN 0 NaN 151.6875 NaN 90.7624153501354 NaN NaN 83.5318812635047 NaN NaN NaN 0 0 83.7705948824601 84.0525641020961 0 NaN 0 92.618750000625 NaN NaN 156.160087717544 143.144293336966 0 0 0 0 137.52636718457 0 NaN 0 0 0 NaN 0 0 0 0 0 NaN 0 NaN 114.373529412059 NaN 0 85.3847673705612 NaN NaN 0 87.3409090886364 0 85.2377622388345 0 0 NaN 0 0 0 0 NaN 0 0 0 0 0 0 0 NaN 0
NaN NaN 116.255110064544 NaN NaN NaN NaN 91.2642857142857 NaN NaN NaN 110.770833333333 NaN NaN 123.75 152.951807228313 NaN 0 NaN 90.9949832767224 NaN NaN NaN 0 NaN NaN NaN 0 NaN 138.75 NaN 0 NaN NaN 0 NaN NaN NaN 0 0 0 0 0 NaN 0 89.4571917801712 NaN NaN NaN 136.948863634091 0 NaN 0 NaN NaN 87.0833333333333 NaN 110.366666666667 0 0 NaN 0 0 0 NaN 0 NaN 0 NaN 152.291666666667 NaN 0 NaN NaN 0 0 NaN 0 NaN 0 86.67708333375 0 0 0 83.5375000004167 0 0 NaN 0 0 0 0 0 0 NaN NaN
NaN NaN 112.321428571429 NaN NaN NaN NaN NaN NaN NaN NaN NaN NaN NaN NaN NaN NaN NaN NaN NaN NaN NaN NaN 92.5666666663333 NaN NaN 82.8928571426191 0 NaN 101.270833333333 NaN 88.1900940300567 NaN NaN 88.5819397988736 NaN NaN NaN 84.697439353171 90.4466692897907 93.2495169077089 NaN 0 NaN 0 NaN NaN NaN NaN 127.928571435714 0 NaN NaN 85.0812499997083 NaN NaN NaN 0 0 0 NaN 0 NaN 0 NaN 0 NaN 0 NaN NaN NaN 0 NaN NaN 0 0 NaN 0 NaN 0 0 NaN 0 0 0 0 0 0 NaN 0 0 0 0 0 NaN NaN
NaN NaN NaN NaN NaN 0 NaN 98.4913364075615 NaN NaN NaN 109 NaN NaN 142.847222222222 135.590995262796 137.45000001 NaN NaN 118.469714286171 NaN NaN NaN 97.8406200560217 NaN 84.9405172415735 99.72361110125 0 NaN 0 NaN 0 119.896572988092 105.181654672086 100.226990908006 115.309582304627 103.423076920817 NaN 95.8977392900483 99.083124477406 101.72549019549 0 0 0 0 121.3 NaN 0 0 104.434523809524 0 0 105.472222222222 0 96.1406250005208 0 0 0 0 0 103.044537815714 0 88.0333333330833 0 111.9375 0 101.745127659761 0 0 0 84.0638743478731 0 0 0 0 0 NaN 0 NaN 0 0 0 0 0 0 0 0 0 0 NaN 0 0 0 0 0 0
0 93.3303571428571 0 0 120.4 0 0 99.3971631173759 0 0 148.611111116667 113.479729729865 84.0833333333333 97.5263157897368 NaN 0 NaN NaN 0 0 0 0 0 0 NaN 0 0 0 NaN 0 NaN 0 0 0 0 0 0 NaN 0 0 117.75 0 0 0 0 0 0 0 0 100.242445050788 0 0 0 0 91.1487206817804 0 0 0 0 0 0 0 NaN 0 NaN 0 0 0 0 0 0 0 0 0 0 0 NaN 0 85.3333333327778 0 0 0 0 0 0 88.6696428569643 0 0 0 0 NaN 0 0 0 0 0
NaN NaN NaN NaN NaN NaN NaN 109 NaN NaN NaN NaN NaN NaN NaN 102.675997579845 NaN NaN 114.25 NaN NaN 118.947560968049 NaN 114.75 NaN 0 0 0 NaN 87.8134799664467 NaN 0 103.514176846043 83.5961974117857 114.958333333333 108.5673155069 97.8905303647134 NaN 106.083333333333 99.375 NaN 92.0810810797297 0 91.5504742710884 0 NaN NaN NaN 0 0 0 0 0 0 0 103.599815720405 0 0 115.25 103.306818181364 94.2688746437126 0 NaN 0 NaN 110.916666666667 93.1006502909398 NaN 0 0 0 0 0 0 0 0 NaN 0 NaN 0 0 0 0 0 0 0 0 0 0 0 0 NaN 0 0 0 0
NaN NaN 86.7894736839474 0 NaN 0 NaN 0 NaN NaN NaN 0 NaN NaN 0 123.954602768153 0 0 138.892857142857 0 NaN NaN 178.375 0 NaN 94.5585937461942 0 0 NaN 0 NaN 0 149.152439023171 0 0 111.457746477465 96.4174907563635 NaN 0 0 0 0 0 93.6132246396377 0 0 NaN 0 0 100.793959660812 0 0 0 0 106.040312963677 0 0 0 0 0 125.261458328472 0 0 0 0 0 126.603199104615 0 92.379931192737 109.695318567727 104.989451479525 0 82.4038834963825 0 0 0 NaN 0 0 0 0 0 0 0 0 0 0 0 0 0 0 0 NaN 0 0 0
NaN NaN 0 NaN NaN 0 NaN 88.0240942042246 NaN NaN NaN NaN NaN NaN 114.171428575571 147.134162868542 0 NaN 100.812667259389 89.0395752923037 NaN 150.031250003125 140.937500002083 83.035605114537 NaN 93.2670807451242 124.654671716793 0 NaN 134.321428571429 NaN 0 144.334470526747 NaN 88.7769095144688 143.710829490553 137.570846082798 NaN 84.9509547346312 85.1687072408863 96.6665551766455 0 0 162.082589282589 0 96.7243589701282 NaN 0 0 0 0 0 0 0 0 0 0 0 0 0 87.5937798578238 0 0 0 0 0 91.2277800571156 0 0 84.3183512868107 0 0 0 0 0 0 0 0 0 0 0 85.5166666666667 0 0 0 0 0 0 0 0 0 0 0 NaN 0 0
NaN NaN NaN NaN NaN NaN NaN NaN NaN NaN NaN NaN NaN NaN NaN NaN NaN NaN NaN NaN NaN NaN NaN NaN NaN NaN NaN NaN NaN NaN NaN NaN NaN NaN NaN NaN NaN NaN NaN NaN NaN 0 NaN NaN NaN NaN NaN NaN 0 NaN 0 0 0 0 NaN 0 NaN 0 NaN NaN NaN NaN NaN 0 NaN NaN NaN NaN NaN 103.25 NaN NaN NaN NaN NaN NaN NaN NaN NaN NaN NaN NaN NaN NaN NaN NaN NaN NaN NaN 0 0 0 0 0 NaN 0
83.5833333333333 NaN 0 0 0 0 NaN 0 NaN 104.75 NaN 0 167.25 NaN 0 104.916666666667 0 0 NaN 0 133.875 NaN 154.625 0 NaN NaN NaN 0 NaN NaN NaN NaN NaN NaN 0 NaN NaN NaN NaN NaN NaN 0 0 85.875 0 0 NaN 0 0 99.0416666666667 0 0 0 0 NaN 0 NaN 0 0 0 NaN 0 0 0 0 0 123.875 0 NaN NaN NaN 0 104.361111111111 NaN NaN 0 NaN NaN NaN NaN NaN NaN 0 NaN NaN NaN 0 NaN NaN 0 0 0 0 0 0 NaN
