NaN 0 0 0 0 0 0 0 0 0 0 0 0 0 NaN 0 NaN 0 0 NaN 0 0 0 NaN 90.4173971903712 0 0 NaN NaN 0 0 0 0 0 NaN 0 NaN NaN NaN NaN NaN 89.6676413242885 0 0 NaN 0 0 0 NaN NaN NaN NaN NaN NaN 183.625 NaN NaN NaN NaN NaN NaN NaN NaN 134.267857142857 NaN NaN NaN NaN NaN 170.35 139.388888888889 NaN NaN 111.166666666667 138.375 NaN NaN NaN NaN NaN NaN NaN NaN NaN NaN NaN NaN NaN NaN NaN NaN NaN NaN NaN NaN NaN
0 NaN 0 0 0 0 0 90.9218556780325 0 0 0 0 0 0 NaN 0 NaN 106.922480622481 0 NaN 0 0 0 0 0 0 0 NaN 0 0 0 0 0 0 NaN 0 0 0 0 NaN 94.2499999996429 0 0 0 0 0 0 NaN NaN 150.745192303846 NaN NaN NaN NaN 196.966666666667 NaN NaN NaN NaN NaN NaN NaN NaN 107.376629046291 NaN NaN NaN NaN NaN 168.065625004 109.830237045216 NaN 133.5625 0 103.558722528626 NaN NaN NaN NaN NaN 138.571241253934 111.691358012963 NaN 143.467532469481 NaN NaN NaN NaN NaN 132.077814574834 122.558673465204 111.398770346327 NaN 136.852339176023 137.8 NaN
0 0 NaN 0 0 0 0 0 0 0 0 0 91.3085935702173 0 NaN 0 0 0 98.1995285679697 NaN 0 89.5985391926387 0 0 0 0 0 0 0 0 0 0 0 0 NaN 0 0 NaN 0 0 0 0 0 0 0 0 0 0 NaN NaN NaN NaN NaN NaN NaN NaN NaN NaN NaN NaN NaN NaN NaN 120.6818181875 NaN NaN NaN NaN NaN NaN 121.24999999878 NaN NaN 100.716666666667 101.208333333333 100.000000002941 NaN NaN NaN NaN 141.5625 NaN NaN NaN NaN NaN NaN 111.625000000862 109 0 NaN 130.252976194048 NaN 135.8125 NaN NaN
0 0 0 NaN 0 0 0 0 0 0 0 0 115.526755857441 0 0 0 0 0 143.988095229762 0 0 120.206228962626 117.943452382738 0 NaN NaN NaN 0 NaN NaN NaN NaN 126.45000001 131 NaN NaN NaN NaN NaN NaN NaN 0 0 NaN 0 0 0 0 NaN NaN NaN 0 NaN 0 NaN 0 NaN NaN NaN NaN NaN NaN 97.2083333314583 NaN 0 NaN NaN 0 NaN NaN NaN 93.3192934816033 NaN NaN NaN NaN NaN NaN NaN NaN NaN NaN 107.5 NaN NaN NaN NaN NaN NaN NaN NaN NaN 0 NaN NaN 0
0 0 0 0 NaN 0 0 0 0 0 0 0 107.441614665961 0 NaN 0 NaN 0 114.81229549767 NaN 0 106.674388665793 91.0744894330035 0 0 NaN NaN NaN 0 0 0 0 112.904287547549 116.723782772659 NaN 117.679919132008 NaN NaN NaN NaN NaN 131.100000003333 152.571428571429 150.142926357752 0 0 0 NaN NaN NaN NaN NaN NaN NaN NaN NaN NaN NaN NaN NaN NaN NaN NaN NaN NaN NaN NaN NaN NaN NaN 193.583333333333 NaN NaN NaN NaN NaN NaN NaN NaN NaN NaN NaN NaN NaN NaN NaN NaN NaN NaN NaN NaN NaN NaN NaN NaN NaN
0 0 0 0 0 NaN 0 0 0 0 0 0 120.876984126984 0 0 0 0 0 119.984615384615 0 91.3813131314647 107.716666659583 0 0 0 90.75 94.25 0 0 0 0 0 102.128787876515 96.5375 0 101.804761905476 93 NaN 0 0 0 0 0 NaN 0 0 0 0 NaN NaN 0 0 NaN 0 NaN 0 NaN NaN NaN NaN NaN NaN 86.1909090912727 140.875 0 NaN NaN 0 NaN NaN NaN 87.1650623885419 NaN NaN NaN NaN NaN NaN NaN NaN NaN NaN 113.625 NaN NaN NaN NaN NaN NaN 0 0 145.875 0 91.5916666666667 0 0
0 0 0 0 0 0 NaN 98.614028626904 0 0 90.6199269443536 108.804779393619 0 0 NaN 0 NaN 112.875211504399 0 NaN 0 0 0 NaN 0 0 0 NaN NaN 0 0 NaN 0 0 NaN 0 0 NaN NaN NaN NaN 0 0 0 98.0772727277273 0 0 NaN NaN 190.5 NaN NaN NaN NaN 170.68125 NaN NaN NaN NaN NaN NaN NaN NaN 123.714285714286 NaN NaN 175.276923080769 NaN NaN 156.461574954175 121.844166663083 NaN NaN 88.9358178045911 133.5250000025 NaN NaN NaN NaN NaN 140.629761902381 NaN NaN 163.25 NaN NaN NaN NaN NaN 108.75 NaN 113.275 NaN NaN NaN NaN
0 90.9218556780325 0 0 0 0 98.614028626904 NaN 102.144576094456 0 0 0 141.20854102431 0 0 0 0 0 152.153904856246 0 105.613689098588 147.614775034032 140.578993059418 0 NaN NaN 132.357142857143 0 NaN NaN NaN NaN 153.124999997727 142.43749999375 0 155.798076919231 117.958333333333 NaN 0 NaN NaN 0 0 140.854166666667 0 0 0 0 NaN NaN NaN 97.0375939819085 NaN 91.5856918237107 NaN 91.2498612579567 NaN NaN NaN NaN NaN NaN 96.8179932757541 NaN 0 NaN NaN 87.0721746836437 NaN NaN NaN 91.9370761389504 NaN NaN NaN 95.1333333366667 NaN NaN NaN NaN NaN NaN 88.0992008681186 NaN NaN NaN NaN NaN NaN NaN NaN NaN 0 139.75 NaN 0
0 0 0 0 0 0 0 102.144576094456 NaN 0 100.47304265345 116.613385700719 0 90.2708731418978 NaN 0 NaN 114.999999995 0 NaN 0 0 0 NaN 94.7022235580389 NaN 0 NaN NaN NaN 89.125 NaN 0 0 NaN 0 NaN NaN NaN NaN NaN 102.25 102.75 99.7434669000523 NaN 0 NaN NaN NaN NaN NaN NaN NaN NaN NaN NaN NaN NaN NaN NaN NaN NaN NaN NaN NaN NaN NaN NaN NaN 165.5 134.8 NaN NaN NaN 135.375 NaN NaN NaN NaN NaN NaN NaN NaN NaN NaN NaN NaN NaN NaN NaN NaN NaN NaN NaN NaN NaN
0 0 0 0 0 0 0 0 0 NaN 0 0 0 0 NaN 0 NaN 0 0 NaN 0 0 0 NaN 98.0636680167958 0 0 NaN NaN NaN 97.2589285714286 NaN 0 0 NaN 0 0 NaN NaN NaN NaN 0 0 0 0 0 0 NaN NaN 134.841071427321 NaN NaN NaN NaN 130.551666668667 NaN NaN 125.340909089394 NaN NaN NaN 131.020833333333 NaN 95.8130649811791 NaN NaN 144.051470588235 NaN NaN 137.817465756712 86.3595780687641 NaN NaN 93.4855323442563 114.777777777778 NaN NaN NaN NaN NaN 117.998355259868 NaN NaN NaN 102.5625 NaN NaN NaN NaN NaN 97.0041666666667 114.807296466667 146.25 122.111453207389 121.666666661111 NaN
0 0 0 0 0 0 90.6199269443536 0 100.47304265345 0 NaN 0 137.181176527275 0 NaN 0 NaN 0 149.501962914424 NaN 100.965190173682 142.340985912454 134.226226184117 0 110.907189849088 NaN NaN 0 0 NaN 95.8333333333333 0 114.403430444337 NaN 0 151.226449269565 131 NaN 0 0 NaN 0 NaN 185.0062500025 0 0 0 NaN NaN NaN NaN NaN NaN NaN NaN NaN NaN NaN NaN NaN NaN NaN NaN NaN NaN NaN NaN NaN NaN NaN NaN NaN NaN NaN NaN NaN NaN NaN NaN NaN NaN NaN NaN NaN NaN NaN NaN NaN NaN NaN 0 NaN NaN NaN NaN NaN
0 0 0 0 0 0 108.804779393619 0 116.613385700719 0 0 NaN 145.829619098949 0 0 0 NaN 0 156.022746513623 0 112.172661194046 151.337331343006 142.087305966369 0 0 NaN NaN 0 0 0 0 0 0 NaN 0 107.852477472489 87.8857142857143 0 0 0 0 0 96.1309523838095 152.515625 0 0 0 0 NaN NaN NaN NaN NaN NaN NaN NaN NaN NaN NaN NaN NaN NaN NaN NaN NaN NaN NaN 111.1875 NaN NaN NaN NaN NaN NaN NaN 87.6111111111111 NaN NaN NaN NaN NaN NaN 107.8125 NaN NaN NaN NaN NaN NaN 0 0 NaN 0 NaN NaN 0
0 0 91.3085935702173 115.526755857441 107.441614665961 120.876984126984 0 141.20854102431 0 0 137.181176527275 145.829619098949 NaN 87.068708752845 NaN 0 NaN 152.752314816898 0 NaN 0 0 0 NaN NaN 0 0 NaN NaN NaN NaN NaN 0 NaN NaN 0 NaN NaN NaN NaN NaN 98.5106951845187 93.1924342095833 91.4303278687581 NaN 91.0873071907507 NaN NaN NaN NaN NaN NaN NaN NaN NaN NaN NaN NaN NaN NaN NaN NaN NaN NaN NaN NaN NaN NaN NaN NaN 133.25 NaN NaN NaN NaN NaN NaN NaN NaN NaN NaN NaN NaN NaN NaN NaN NaN NaN NaN NaN NaN NaN NaN NaN NaN NaN
0 0 0 0 0 0 0 0 90.2708731418978 0 0 0 87.068708752845 NaN NaN 0 NaN 0 90.5253643498338 NaN 0 0 0 0 0 0 0 NaN 0 0 0 0 0 0 NaN 0 0 NaN 0 NaN NaN 0 0 0 0 0 0 NaN NaN 168.55 NaN NaN NaN NaN 182.666666666667 NaN NaN 120 NaN NaN NaN NaN NaN 102.944105208585 NaN NaN NaN NaN NaN 173.895833333333 105.748886979493 NaN NaN 0 87.7635869565761 NaN NaN NaN NaN NaN 140.999999995833 119.659482762069 NaN 161.266666673333 127.6875 NaN NaN NaN NaN 92.3463302821101 111.216049380432 109.295299768447 NaN 136.260416666667 NaN NaN
NaN NaN NaN 0 NaN 0 NaN 0 NaN NaN NaN 0 NaN NaN NaN NaN 0 NaN NaN 0 NaN NaN NaN 0 NaN NaN NaN 0 NaN NaN NaN NaN NaN NaN 0 NaN NaN NaN 0 0 NaN NaN NaN NaN 0 0 NaN 0 NaN NaN NaN 90.8328716530287 NaN 89.8278864101203 NaN 87.4702782770771 NaN NaN NaN NaN NaN NaN 92.9216705646847 NaN 0 NaN NaN 0 NaN NaN NaN 98.4380135957911 NaN NaN NaN 0 NaN NaN NaN NaN NaN NaN 105.247482776698 NaN NaN NaN NaN 133.75 NaN NaN NaN NaN 0 NaN NaN 0
0 0 0 0 0 0 0 0 0 0 0 0 0 0 NaN NaN NaN 0 0 0 0 0 0 0 0 0 0 0 0 0 0 0 0 0 0 0 0 NaN 0 0 0 0 0 0 0 0 0 0 150.816666663333 130.126265662436 138.785714285714 NaN 170.777777777778 0 129.127734601671 NaN NaN 116.359034555543 178.009803912745 146.214285714286 NaN 129.467424240152 NaN 89.9300867588348 NaN NaN 132.183896389595 NaN 131.972222222222 125.757159719192 0 NaN 125.239329268902 0 0 NaN NaN 96.7106481475926 NaN NaN 112.772449555941 89.1220704729685 NaN 106.459993359097 101.194325774392 NaN NaN NaN NaN 0 90.8774347714683 99.0251426526729 131.87244539105 122.417284073007 123.30688397996 NaN
NaN NaN 0 0 NaN 0 NaN 0 NaN NaN NaN NaN NaN NaN 0 NaN NaN NaN NaN 0 NaN NaN NaN 99.5652173913043 NaN NaN NaN 0 NaN NaN NaN NaN NaN NaN NaN NaN NaN NaN NaN NaN NaN NaN NaN NaN 0 0 NaN 0 NaN NaN NaN 0 NaN 0 NaN 0 NaN NaN NaN NaN NaN NaN 0 NaN 0 0 NaN 0 NaN NaN NaN 0 NaN NaN NaN 0 NaN NaN NaN NaN NaN NaN 106.8750000005 NaN NaN NaN 93.625 NaN NaN 109.25 NaN NaN 0 90.5 NaN 0
0 106.922480622481 0 0 0 0 112.875211504399 0 114.999999995 0 0 0 152.752314816898 0 NaN 0 NaN NaN 158.339928058273 0 117.346982764039 NaN 145.344748861872 0 NaN NaN NaN NaN NaN 0 NaN 0 0 NaN 0 NaN NaN 0 0 0 NaN 0 NaN 114.375 0 0 0 0 NaN NaN NaN NaN NaN NaN NaN NaN NaN NaN NaN NaN NaN NaN NaN NaN NaN NaN NaN NaN NaN NaN NaN 99.2980769269231 NaN NaN NaN NaN NaN NaN NaN NaN NaN NaN NaN NaN NaN NaN NaN NaN NaN NaN NaN NaN 0 NaN NaN 0
0 0 98.1995285679697 143.988095229762 114.81229549767 119.984615384615 0 152.153904856246 0 0 149.501962914424 156.022746513623 0 90.5253643498338 NaN 0 NaN 158.339928058273 NaN NaN 0 0 0 NaN 90.5082417582418 0 0 NaN NaN NaN NaN NaN 0 0 NaN 0 0 NaN NaN NaN NaN 101.65 0 93.5023809516012 NaN 93.4769728374051 NaN NaN 96.7967451546111 100.092923279074 117.310185181481 162.011006288365 131.1581010625 NaN 0 170.900608868046 0 0 160.28768734499 175.843317968356 0 106.389856048258 NaN 0 NaN 173.920673087019 0 NaN 0 136.026056694306 0 NaN NaN 0 100.920028515301 NaN NaN NaN NaN NaN 129.102272729545 130.659722222222 NaN 141.0499999975 NaN NaN NaN NaN NaN 216 117.642857139286 110.916666666667 NaN 117.868520389841 NaN NaN
NaN NaN NaN 0 NaN 0 NaN 0 NaN NaN NaN 0 NaN NaN 0 0 0 0 NaN NaN NaN NaN NaN 0 NaN NaN 89.6659663865546 0 NaN NaN NaN 86.625 NaN 109.125 0 NaN NaN NaN 0 0 NaN 0 NaN NaN 0 0 0 0 NaN NaN NaN 0 NaN 0 NaN 0 NaN NaN NaN NaN NaN NaN 0 NaN 0 NaN NaN 0 NaN NaN NaN 0 NaN NaN 152.125 0 NaN NaN NaN NaN NaN NaN 87.71145098047 NaN NaN NaN 104.022727272727 107.074951642398 NaN 140.6875 108.516666666611 NaN 0 121.090277772222 NaN 0
0 0 0 0 0 91.3813131314647 0 105.613689098588 0 0 100.965190173682 112.172661194046 0 0 NaN 0 NaN 117.346982764039 0 NaN NaN 0 0 NaN 86.236921296515 0 0 NaN NaN NaN 0 NaN 0 0 NaN 0 NaN NaN NaN NaN NaN 0 0 0 NaN 0 97 NaN NaN 133.229411761765 NaN NaN NaN NaN 136.270833329167 NaN NaN NaN NaN NaN NaN 143.5 NaN 100.230662655614 NaN NaN 144.438571424571 NaN NaN 131.17107842049 86.9604924615495 NaN NaN 93.0828525616197 NaN NaN NaN NaN NaN NaN 109.556159424638 112 NaN NaN NaN NaN NaN NaN NaN NaN 95.375 112.24436936524 NaN 145.964285721429 NaN NaN
0 0 89.5985391926387 120.206228962626 106.674388665793 107.716666659583 0 147.614775034032 0 0 142.340985912454 151.337331343006 0 0 NaN 0 NaN NaN 0 NaN 0 NaN 0 NaN 0 0 0 NaN NaN NaN 0 NaN 0 0 NaN 0 0 NaN NaN NaN NaN 0 0 0 106.833333333333 0 93.0178571392857 NaN 196.465909090909 168.155448717949 NaN NaN NaN NaN 149.363376055254 NaN 151.494520145024 206.151315790789 NaN NaN 148.60620155155 155.125 NaN 98.8143546157515 NaN NaN 148.926312023335 NaN 150.944497610383 136.211655168423 101.730265813182 NaN NaN 0 99.0969449738709 NaN NaN NaN NaN NaN 121.321074719466 121.785849566585 NaN 131.911527559481 NaN NaN NaN NaN NaN 138.875 NaN 155.00368550774 NaN 155.213293650794 139.854166670833 NaN
0 0 0 117.943452382738 91.0744894330035 0 0 140.578993059418 0 0 134.226226184117 142.087305966369 0 0 NaN 0 NaN 145.344748861872 0 NaN 0 0 NaN NaN 0 0 0 87 NaN NaN 0 NaN 0 0 NaN 0 0 NaN NaN NaN NaN 0 0 0 0 0 0 NaN 107.31396916566 119.540819361338 127.970238095238 165.237500005 139.133546998504 NaN 109.115827501044 175.187820513462 89.2892156834532 89.834124276152 167.242788465385 180.513565886822 0 114.53985879543 NaN 87.7023355654123 NaN NaN 0 NaN 0 104.528259122987 0 NaN 110.92668269351 0 0 NaN NaN 105.25 NaN NaN 95.6332251962447 0 NaN 99.3421884878906 91.7630952390714 NaN NaN NaN NaN 116.466078434069 88.3706171144039 101.462422972853 140.422619047619 112.065414876137 111.310893221374 NaN
NaN 0 0 0 0 0 NaN 0 NaN NaN 0 0 NaN 0 0 0 99.5652173913043 0 NaN 0 NaN NaN NaN NaN NaN NaN NaN 0 NaN 100.779605263158 NaN 103.033482145461 0 NaN 0 NaN 120.090909090455 0 0 0 0 0 0 0 0 0 0 0 NaN NaN NaN 107.199472891009 NaN 104.989583333333 NaN 101.430184336763 NaN NaN NaN NaN NaN NaN 97.4155570757281 NaN 104.416666670625 NaN NaN 0 NaN NaN NaN 88.8003850276072 NaN NaN NaN 0 NaN NaN NaN NaN NaN NaN 86.2954315265314 NaN NaN NaN 90.1280364371053 95.0316731972015 NaN NaN 0 NaN 0 NaN NaN 0
90.4173971903712 0 0 NaN 0 0 0 NaN 94.7022235580389 98.0636680167958 110.907189849088 0 NaN 0 NaN 0 NaN NaN 90.5082417582418 NaN 86.236921296515 0 0 NaN NaN 0 0 NaN 0 0 0 0 0 0 NaN 0 0 NaN 98 NaN NaN 0 0 0 0 0 0 NaN NaN 139.138020833333 NaN NaN NaN NaN 153.229166666667 NaN NaN 126.085227277273 NaN NaN NaN NaN NaN 95.9453506952206 NaN NaN NaN NaN NaN 157.416666666667 98.0674870868562 NaN 131.9999999875 0 0 NaN NaN NaN NaN NaN 129.482954545455 100.021724598797 NaN 99.6964912312281 116.090909093182 NaN NaN NaN NaN 113.097275187579 98.060450821694 100.535940326881 136.006578946053 131.628352490038 131.742424237879 NaN
0 0 0 NaN NaN 90.75 0 NaN NaN 0 NaN NaN 0 0 NaN 0 NaN NaN 0 NaN 0 0 0 NaN 0 NaN 0 0 NaN 0 0 0 0 0 NaN 0 0 NaN NaN NaN NaN 0 0 0 90.8112373737374 0 NaN NaN 109.504629631481 87.4247852510766 NaN NaN NaN NaN 0 159.3 NaN 0 140.0625 143.416666666667 0 0 NaN 0 NaN NaN 0 NaN 0 0 0 NaN 0 0 0 0 NaN NaN NaN NaN 0 0 NaN 0 0 NaN NaN NaN NaN 0 0 0 93.7906162451354 0 0 NaN
0 0 0 NaN NaN 94.25 0 132.357142857143 0 0 NaN NaN 0 0 NaN 0 NaN NaN 0 89.6659663865546 0 0 0 NaN 0 0 NaN 0 NaN 0 0 0 0 0 NaN 0 0 NaN NaN 0 0 0 0 0 0 0 NaN NaN 140.150000001667 100.189692021816 NaN NaN NaN NaN 111.56958115011 155.35 114.645833330357 138.569444444444 152.982142860714 150.635714285714 115.548509366433 122.041666669298 NaN 0 NaN NaN 110.725228894938 NaN 117.173611111111 96.0239426127573 0 129.25 97.7373563221724 0 0 0 NaN 0 NaN 0 0 0 NaN 0 0 NaN NaN 0 0 0 0 0 0 93.0354923474569 102.855978258804 NaN
NaN NaN 0 0 NaN 0 NaN 0 NaN NaN 0 0 NaN NaN 0 0 0 NaN NaN 0 NaN NaN 87 0 NaN 0 0 NaN NaN 0 NaN 0 0 0 0 0 0 NaN 0 0 0 0 0 0 0 0 0 0 NaN NaN 0 0 NaN 0 NaN 0 NaN NaN 91.4375 0 NaN NaN 0 0 0 111.740384615192 NaN 0 NaN NaN NaN 0 NaN NaN 0 0 NaN 0 NaN 0 NaN 0 0 0 0 NaN 0 0 0 0 0 0 0 0 0 0
NaN 0 0 NaN 0 0 NaN NaN NaN NaN 0 0 NaN 0 NaN 0 NaN NaN NaN NaN NaN NaN NaN NaN 0 NaN NaN NaN NaN 0 0 0 0 NaN 0 0 0 0 0 96.7261904761905 94.4277777777778 0 NaN NaN 0 0 0 NaN NaN NaN NaN NaN NaN NaN NaN NaN NaN NaN NaN NaN NaN NaN NaN NaN NaN NaN NaN NaN NaN NaN NaN NaN NaN NaN NaN NaN NaN NaN NaN NaN NaN NaN NaN NaN NaN NaN NaN NaN NaN 0 NaN NaN NaN NaN NaN NaN
0 0 0 NaN 0 0 0 NaN NaN NaN NaN 0 NaN 0 NaN 0 NaN 0 NaN NaN NaN NaN NaN 100.779605263158 0 0 0 0 0 NaN 0 0 0 0 115.166666666667 0 0 0 0 0 0 0 0 0 0 0 0 NaN NaN 148.375 NaN NaN NaN NaN 126 NaN NaN NaN NaN NaN NaN NaN NaN 90.411264753139 NaN NaN NaN NaN NaN NaN NaN NaN NaN 0 0 0 NaN 91.0515052712102 NaN 0 NaN 0 NaN 91.834164852829 92.4534984409725 NaN NaN NaN NaN 92.2995121104503 106.532963311853 86.2729565248948 110.993488024102 121.616666666667 NaN NaN
0 0 0 NaN 0 0 0 NaN 89.125 97.2589285714286 95.8333333333333 0 NaN 0 NaN 0 NaN NaN NaN NaN 0 0 0 NaN 0 0 0 NaN 0 0 NaN 0 0 0 NaN 0 0 NaN NaN NaN NaN 0 0 0 0 0 0 NaN NaN 140.375 NaN NaN NaN NaN NaN NaN NaN NaN NaN NaN NaN NaN NaN 97.9442847563217 NaN NaN NaN NaN NaN 130.5 99.5528554766026 NaN NaN 0 NaN NaN NaN NaN NaN NaN NaN NaN NaN NaN NaN NaN NaN NaN NaN 122.76818182 104.349999999778 102.212067749382 NaN 132.525 NaN NaN
0 0 0 NaN 0 0 NaN NaN NaN NaN 0 0 NaN 0 NaN 0 NaN 0 NaN 86.625 NaN NaN NaN 103.033482145461 0 0 0 0 0 0 0 NaN 0 0 121.886363636364 0 0 0 0 0 0 0 0 0 0 0 0 NaN NaN 120.87500001 NaN NaN NaN NaN 114.25 NaN NaN 124.166666666667 NaN NaN NaN NaN NaN 0 NaN NaN NaN NaN NaN NaN NaN NaN 95.75 0 0 0 NaN 0 NaN 0 NaN 0 145.625 0 0 NaN NaN 88.5691433307468 97.1042061999273 91.7557235903794 96.4660462132384 0 0 NaN NaN NaN
0 0 0 126.45000001 112.904287547549 102.128787876515 0 153.124999997727 0 0 114.403430444337 0 0 0 NaN 0 NaN 0 0 NaN 0 0 0 0 0 0 0 0 0 0 0 0 NaN 0 NaN 0 0 0 0 0 0 0 0 0 90.0444899483637 0 0 NaN 189.634615384615 149.69886364053 NaN NaN NaN NaN 143.841772303135 NaN 148.991935483333 192.9 NaN NaN 145.206924435569 137.166666666667 NaN 98.6165774986763 NaN NaN 145.043606300475 NaN 144.809782615415 130.427203505574 100.759071623083 NaN 124.644230769231 0 96.2277622144991 NaN NaN NaN NaN NaN 116.479049500045 111.144655177207 NaN 127.996608955051 NaN NaN NaN NaN NaN 114.48958333125 NaN 121.135365855163 NaN 136.276666662667 134.258333333333 NaN
0 0 0 131 116.723782772659 96.5375 0 142.43749999375 0 0 NaN NaN NaN 0 NaN 0 NaN NaN 0 109.125 0 0 0 NaN 0 0 0 0 NaN 0 0 0 0 NaN NaN 0 0 NaN NaN 0 0 0 0 0 0 0 0 NaN 162.31249999375 135.464285711255 NaN NaN NaN NaN 135.527339196345 212.125 141.923076924615 150.693181819697 221.596153846154 NaN 136.338031760533 121.709302319601 NaN 87.8144678776761 NaN NaN 137.237835987504 NaN 138.09340658956 118.651768178875 91.4020381758538 NaN 113.432228921988 0 0 0 NaN 89.9768759048517 NaN 0 104.082152661605 0 NaN 101.441377539769 90.974815596434 NaN NaN NaN NaN 104.526855694222 108.007171117337 87.4217942160421 117.828923348107 120.565819070972 123.678571427679 NaN
NaN NaN NaN NaN NaN 0 NaN 0 NaN NaN 0 0 NaN NaN 0 0 NaN 0 NaN 0 NaN NaN NaN 0 NaN NaN NaN 0 0 115.166666666667 NaN 121.886363636364 NaN NaN NaN NaN 128.5 NaN 0 0 NaN 0 0 NaN 0 0 0 0 NaN NaN NaN NaN NaN NaN NaN 118.030303031818 NaN NaN NaN NaN NaN NaN 109.52807204077 NaN 137.625 NaN NaN 90.6743583429995 NaN NaN NaN 95.4563272186284 NaN NaN NaN 0 NaN NaN NaN NaN NaN NaN 94.2544672089026 NaN NaN NaN 88.6832579177873 93.5317219671516 96.6666666666667 NaN 0 NaN 0 NaN NaN 0
0 0 0 NaN 117.679919132008 101.804761905476 0 155.798076919231 0 0 151.226449269565 107.852477472489 0 0 NaN 0 NaN NaN 0 NaN 0 0 0 NaN 0 0 0 0 0 0 0 0 0 0 NaN NaN 0 0 0 NaN 0 0 0 0 0 0 0 NaN 199.234848480303 163.25625 NaN NaN NaN NaN 147.136396877395 NaN 153.411111112778 202.171052634211 NaN NaN 147.478996451763 157.416666666667 NaN 107.294999999 NaN NaN 148.224456286335 NaN 148.61210316369 134.587392991654 102.767293880345 NaN NaN 0 96.1064608941923 NaN NaN NaN NaN NaN 121.964908397225 111.201231776516 NaN 129.80434999595 108.697916666667 NaN NaN NaN NaN 96.2635869564324 107.416666666667 105.287223634637 142.5 151.455357136607 142.291666675 NaN
NaN 0 0 NaN NaN 93 0 117.958333333333 NaN 0 131 87.8857142857143 NaN 0 NaN 0 NaN NaN 0 NaN NaN 0 0 120.090909090455 0 0 0 0 0 0 0 0 0 0 128.5 0 NaN NaN 0 0 0 0 0 0 0 0 0 NaN NaN NaN NaN NaN NaN NaN 137.95 NaN NaN NaN NaN NaN NaN NaN NaN 97.0387931015517 NaN NaN 146.25 NaN NaN 124.938995220215 NaN NaN NaN 0 0 0 NaN 102.779458599363 NaN 92.0347985356593 109.2375 97.3772944408713 NaN 106.208737862913 103.453088575466 NaN NaN NaN NaN 96.98477815498 119.676470584314 96.7500867899425 127.23252688172 NaN NaN NaN
NaN 0 NaN NaN NaN NaN NaN NaN NaN NaN NaN 0 NaN NaN NaN NaN NaN 0 NaN NaN NaN NaN NaN 0 NaN NaN NaN NaN 0 0 NaN 0 0 NaN NaN 0 NaN NaN 0 NaN 0 NaN NaN NaN NaN NaN NaN NaN NaN NaN NaN NaN NaN NaN NaN NaN NaN NaN NaN NaN NaN NaN NaN NaN NaN NaN NaN NaN NaN NaN NaN NaN NaN NaN NaN NaN NaN NaN NaN NaN NaN NaN NaN NaN NaN NaN NaN NaN NaN NaN NaN NaN NaN NaN NaN NaN
NaN 0 0 NaN NaN 0 NaN 0 NaN NaN 0 0 NaN 0 0 0 NaN 0 NaN 0 NaN NaN NaN 0 98 NaN NaN 0 0 0 NaN 0 0 NaN 0 0 0 0 NaN 0 0 0 0 NaN 0 0 0 0 NaN NaN NaN NaN NaN 129.625 NaN NaN NaN NaN NaN 101.083333333333 NaN NaN 118.026950357943 NaN NaN NaN NaN 92.5665349144415 NaN NaN NaN 100.068268493427 NaN NaN NaN 0 NaN NaN NaN NaN NaN NaN 92.5865298712163 NaN NaN NaN 0 87.5046172228531 88.4946741859716 NaN 0 NaN 0 104.916666666515 NaN NaN
NaN NaN 0 NaN NaN 0 NaN NaN NaN NaN 0 0 NaN NaN 0 0 NaN 0 NaN 0 NaN NaN NaN 0 NaN NaN 0 0 96.7261904761905 0 NaN 0 0 0 0 NaN 0 NaN 0 NaN 0 0 0 NaN 0 0 0 0 NaN NaN NaN NaN NaN NaN NaN 132 NaN NaN NaN 109.475637184408 NaN NaN 130.1125 107.979865769631 170.875 NaN NaN 95.4740816333782 NaN NaN NaN 98.1207627142655 NaN NaN 0 0 NaN NaN NaN 95.7012362646605 NaN 109.105769230769 90.1129077179538 NaN NaN NaN 0 0 86.9628354913133 100.339864864595 0 NaN 0 87.8241689430493 NaN NaN
NaN 94.2499999996429 0 NaN NaN 0 NaN NaN NaN NaN NaN 0 NaN NaN NaN 0 NaN NaN NaN NaN NaN NaN NaN 0 NaN NaN 0 0 94.4277777777778 0 NaN 0 0 0 NaN 0 0 0 0 0 NaN 0 0 0 0 0 0 NaN NaN NaN NaN NaN NaN NaN NaN NaN NaN NaN NaN 116.5 NaN NaN NaN 113.953703705556 NaN NaN NaN NaN NaN NaN NaN NaN NaN NaN 0 0 NaN NaN NaN 100.123299321667 NaN NaN NaN NaN NaN NaN 0 88.1521311386543 91.9325510197449 100.583333333333 NaN NaN 0 89.2856104646512 95.75 NaN
89.6676413242885 0 0 0 131.100000003333 0 0 0 102.25 0 0 0 98.5106951845187 0 NaN 0 NaN 0 101.65 0 0 0 0 0 0 0 0 0 0 0 0 0 0 0 0 0 0 NaN 0 0 0 NaN 0 0 0 0 0 0 NaN 137.681034486207 NaN NaN NaN 0 NaN NaN NaN NaN NaN NaN NaN NaN NaN 113.419236630998 NaN NaN NaN 114.220238097619 NaN 148.766025648718 110.490248031928 119 NaN 0 87.676249999 0 NaN 91.4016203668982 NaN 90.1937229430087 142.264367818391 NaN 114.140000002 NaN NaN NaN 107.950000005 107.218085105319 NaN 0 0 110.490293161894 0 148.767857144048 150.25 0
0 0 0 0 152.571428571429 0 0 0 102.75 0 NaN 96.1309523838095 93.1924342095833 0 NaN 0 NaN NaN 0 NaN 0 0 0 0 0 0 0 0 NaN 0 0 0 0 0 0 0 0 NaN 0 0 0 0 NaN 0 0 0 NaN 0 110.697368429386 123.833743844089 0 NaN NaN NaN 88.3182052750327 NaN 88.0620629418386 91.3819444441204 NaN NaN 0 141.1 NaN 0 NaN NaN 88.0036346926566 0 0 0 0 99 146.5 0 0 0 NaN 0 NaN 0 101.328651683146 0 NaN 0 91.36810247817 NaN 0 0 0 92.4619436012087 0 0 0 129.755963898214 123.2375 0
0 0 0 NaN 150.142926357752 NaN 0 140.854166666667 99.7434669000523 0 185.0062500025 152.515625 91.4303278687581 0 NaN 0 NaN 114.375 93.5023809516012 NaN 0 0 0 0 0 0 0 0 NaN 0 0 0 0 0 NaN 0 0 NaN NaN NaN 0 0 0 NaN 0 0 NaN NaN NaN 140.0017361125 NaN NaN NaN NaN 139.4375 NaN NaN 118.458333333333 NaN 168 NaN 151.634615384615 NaN 0 NaN NaN 131.21875 NaN NaN 127.67384105298 90.1547857019026 150.75 127.716666666667 0 0 0 NaN 86.1383093526229 NaN 0 120.523684208947 87.6371942695374 NaN 91.26563670403 96.3215098440881 NaN NaN NaN NaN 0 0 0 118.978935699372 127.058712123737 130.283333329167 NaN
NaN 0 0 0 0 0 98.0772727277273 0 NaN 0 0 0 NaN 0 0 0 0 0 NaN 0 NaN 106.833333333333 0 0 0 90.8112373737374 0 0 0 0 0 0 90.0444899483637 0 0 0 0 NaN 0 0 0 0 0 0 NaN 0 0 0 NaN 139.75 0 0 NaN 0 NaN 0 NaN NaN NaN 0 NaN NaN 0 90.9790575931114 0 0 NaN 0 NaN NaN 138.166666666667 0 NaN 105.283333333167 0 0 NaN 0 NaN 0 NaN 106.985576922981 0 113.270833333333 NaN NaN 0 0 0 0 0 0 0 0 0 0
0 0 0 0 0 0 0 0 0 0 0 0 91.0873071907507 0 0 0 0 0 93.4769728374051 0 0 0 0 0 0 0 0 0 0 0 0 0 0 0 0 0 0 NaN 0 0 0 0 0 0 0 NaN 0 0 NaN NaN NaN NaN NaN NaN NaN NaN NaN NaN NaN NaN NaN NaN NaN 106.429940599066 0 NaN NaN 107.158333328333 NaN 206.906249996094 104.389971878254 102.15 NaN 0 0 0 NaN NaN NaN NaN NaN 105.863095238095 NaN NaN NaN NaN 0 88.918063584396 87.4999999995833 0 0 114.068879264208 0 126.052631580263 126.483333333333 0
0 0 0 0 0 0 0 0 NaN 0 0 0 NaN 0 NaN 0 NaN 0 NaN 0 97 93.0178571392857 0 0 0 NaN NaN 0 0 0 0 0 0 0 0 0 0 NaN 0 0 0 0 NaN NaN 0 0 NaN 0 NaN NaN NaN NaN NaN NaN NaN NaN NaN NaN NaN NaN NaN NaN NaN 0 NaN NaN NaN NaN NaN NaN NaN NaN NaN NaN NaN 0 NaN NaN NaN NaN NaN NaN NaN NaN NaN NaN NaN NaN 127.375 0 0 NaN 0 NaN NaN NaN
0 NaN 0 0 NaN 0 NaN 0 NaN NaN NaN 0 NaN NaN 0 0 0 0 NaN 0 NaN NaN NaN 0 NaN NaN NaN 0 NaN NaN NaN NaN NaN NaN 0 NaN NaN NaN 0 0 NaN 0 0 NaN 0 0 0 NaN NaN NaN NaN NaN NaN 0 NaN 0 NaN NaN NaN NaN NaN NaN 98.9843749996875 NaN 0 NaN NaN 0 NaN NaN NaN 0 NaN NaN NaN 0 NaN NaN NaN NaN NaN NaN 0 NaN NaN NaN 0 0 NaN 0 0 NaN 0 0 NaN 0
NaN NaN NaN NaN NaN NaN NaN NaN NaN NaN NaN NaN NaN NaN NaN 150.816666663333 NaN NaN 96.7967451546111 NaN NaN 196.465909090909 107.31396916566 NaN NaN 109.504629631481 140.150000001667 NaN NaN NaN NaN NaN 189.634615384615 162.31249999375 NaN 199.234848480303 NaN NaN NaN NaN NaN NaN 110.697368429386 NaN NaN NaN NaN NaN NaN 0 0 0 0 0 0 0 0 0 0 0 0 0 NaN 0 0 0 86.9690792238533 NaN 0 87.3471242369816 0 89.2333333333333 89.5397878020822 99.6611111123333 0 NaN NaN 128.28125 88.5 133.367500002 87.7005887552391 109.2500000005 NaN 109.255952378571 121.538461538462 NaN NaN NaN NaN 0 0 0 123.9875 0 0 0
NaN 150.745192303846 NaN NaN NaN NaN 190.5 NaN NaN 134.841071427321 NaN NaN NaN 168.55 NaN 130.126265662436 NaN NaN 100.092923279074 NaN 133.229411761765 168.155448717949 119.540819361338 NaN 139.138020833333 87.4247852510766 100.189692021816 NaN NaN 148.375 140.375 120.87500001 149.69886364053 135.464285711255 NaN 163.25625 NaN NaN NaN NaN NaN 137.681034486207 123.833743844089 140.0017361125 139.75 NaN NaN NaN 0 NaN 0 0 0 0 0 0 0 0 0 0 0 0 NaN 0 NaN 96.2958954144387 89.1527928499252 NaN 0 0 0 113.837171055263 0 0 0 NaN 0 0 0 0 0 0 NaN 0 0 92.1984782595022 0 NaN 108.247061965385 0 0 0 88.485839507242 0 0 NaN
NaN NaN NaN NaN NaN 0 NaN NaN NaN NaN NaN NaN NaN NaN NaN 138.785714285714 NaN NaN 117.310185181481 NaN NaN NaN 127.970238095238 NaN NaN NaN NaN 0 NaN NaN NaN NaN NaN NaN NaN NaN NaN NaN NaN NaN NaN NaN 0 NaN 0 NaN NaN NaN 0 0 NaN 0 0 0 0 0 0 0 0 0 0 0 NaN 0 0 0 107.227611878399 NaN 0 96.0520892110123 0 0 0 98.625 NaN 0 NaN 0 NaN 0 90.431818180974 NaN 0 86.0625000003846 NaN NaN 0 0 0 0 0 0 0 0 0 0
NaN NaN NaN 0 NaN 0 NaN 97.0375939819085 NaN NaN NaN NaN NaN NaN 90.8328716530287 NaN 0 NaN 162.011006288365 0 NaN NaN 165.237500005 107.199472891009 NaN NaN NaN 0 NaN NaN NaN NaN NaN NaN NaN NaN NaN NaN NaN NaN NaN NaN NaN NaN 0 NaN NaN NaN 0 0 0 NaN 0 0 100.248520310133 0 106.508771930702 0 0 0 123.382174413486 0 0 0 0 0 146.829227056672 0 102.696385970314 137.661931812841 111.870740307691 0 NaN NaN NaN 0 NaN NaN NaN NaN 135.839285719643 NaN 0 NaN NaN NaN 0 0 NaN 0 0 NaN 0 0 0 0
NaN NaN NaN NaN NaN NaN NaN NaN NaN NaN NaN NaN NaN NaN NaN 170.777777777778 NaN NaN 131.1581010625 NaN NaN NaN 139.133546998504 NaN NaN NaN NaN NaN NaN NaN NaN NaN NaN NaN NaN NaN NaN NaN NaN NaN NaN NaN NaN NaN NaN NaN NaN NaN 0 0 0 0 NaN 0 86.2570407397273 0 107.888966699113 0 0 0 101.643667688357 0 NaN 0 NaN 0 124.284185641455 NaN 0 110.211878306002 96.8193799891103 0 0 NaN NaN NaN 0 0 0 0 109.885401539446 NaN NaN 0 NaN NaN NaN NaN NaN 90.8938888908889 90.7878787869697 0 0 0 87.4230769234615 NaN
NaN NaN NaN 0 NaN 0 NaN 91.5856918237107 NaN NaN NaN NaN NaN NaN 89.8278864101203 0 0 NaN NaN 0 NaN NaN NaN 104.989583333333 NaN NaN NaN 0 NaN NaN NaN NaN NaN NaN NaN NaN NaN NaN 129.625 NaN NaN 0 NaN NaN 0 NaN NaN 0 0 0 0 0 0 NaN 97.8333333293333 0 NaN 0 0 0 115.8 0 0 0 0 NaN 135.625 0 98.7604529618641 NaN 122.337499999 0 NaN NaN NaN 0 NaN 0 NaN 0 NaN NaN 0 NaN NaN NaN 0 NaN NaN 0 0 NaN 0 0 0 0
183.625 196.966666666667 NaN NaN NaN NaN 170.68125 NaN NaN 130.551666668667 NaN NaN NaN 182.666666666667 NaN 129.127734601671 NaN NaN 0 NaN 136.270833329167 149.363376055254 109.115827501044 NaN 153.229166666667 0 111.56958115011 NaN NaN 126 NaN 114.25 143.841772303135 135.527339196345 NaN 147.136396877395 137.95 NaN NaN NaN NaN NaN 88.3182052750327 139.4375 NaN NaN NaN NaN 0 0 0 100.248520310133 86.2570407397273 97.8333333293333 NaN 119.717297498481 0 0 115.611025607215 106.116738149448 0 0 NaN 0 92.125 125.908130454735 0 NaN 0 0 0 119.732142857143 0 0 0 NaN 87.9294364405245 0 0 0 0 0 NaN 0 0 94.5860557225088 88.8805923767846 NaN 119.194444441667 0 0 0 95.7892632509551 0 0 NaN
NaN NaN NaN 0 NaN 0 NaN 91.2498612579567 NaN NaN NaN NaN NaN NaN 87.4702782770771 NaN 0 NaN 170.900608868046 0 NaN NaN 175.187820513462 101.430184336763 NaN 159.3 155.35 0 NaN NaN NaN NaN NaN 212.125 118.030303031818 NaN NaN NaN NaN 132 NaN NaN NaN NaN 0 NaN NaN 0 0 0 0 0 0 0 119.717297498481 NaN 147.513698633904 0 0 0 138.10001557141 0 0 0 0 0 163.351914997133 0 119.295035663476 151.346846971687 136.74945612883 0 NaN NaN NaN 0 NaN 127.65 NaN 120.197916664583 152.584236186024 124.75 0 147.583333333333 125 0 0 0 103.750000005556 0 0 103.681818186364 0 0 0 0
NaN NaN NaN NaN NaN NaN NaN NaN NaN NaN NaN NaN NaN NaN NaN NaN NaN NaN 0 NaN NaN 151.494520145024 89.2892156834532 NaN NaN NaN 114.645833330357 NaN NaN NaN NaN NaN 148.991935483333 141.923076924615 NaN 153.411111112778 NaN NaN NaN NaN NaN NaN 88.0620629418386 NaN NaN NaN NaN NaN 0 0 0 106.508771930702 107.888966699113 NaN 0 147.513698633904 NaN 0 138.974774090964 149.942901233333 0 87.5170242800099 NaN 0 NaN 147.455882352941 0 NaN 0 0 0 NaN NaN 0 0 NaN NaN NaN NaN NaN 0 NaN NaN NaN NaN NaN NaN NaN NaN 96.4670329708791 0 86.2141304352174 NaN 0 NaN NaN
NaN NaN NaN NaN NaN NaN NaN NaN NaN 125.340909089394 NaN NaN NaN 120 NaN 116.359034555543 NaN NaN 0 NaN NaN 206.151315790789 89.834124276152 NaN 126.085227277273 0 138.569444444444 NaN NaN NaN NaN 124.166666666667 192.9 150.693181819697 NaN 202.171052634211 NaN NaN NaN NaN NaN NaN 91.3819444441204 118.458333333333 NaN NaN NaN NaN 0 0 0 0 0 0 0 0 0 NaN 0 87.0056081778796 0 0 NaN 0 NaN 0 0 NaN 0 0 0 106.3124999875 0 0 0 NaN NaN 0 NaN 0 0 0 NaN 0 0 118.208333333333 0 NaN 0 0 0 0 0 0 0 NaN
NaN NaN NaN NaN NaN NaN NaN NaN NaN NaN NaN NaN NaN NaN NaN 178.009803912745 NaN NaN 160.28768734499 NaN NaN NaN 167.242788465385 NaN NaN 140.0625 152.982142860714 91.4375 NaN NaN NaN NaN NaN 221.596153846154 NaN NaN NaN NaN NaN NaN NaN NaN NaN NaN NaN NaN NaN NaN 0 0 0 0 0 0 115.611025607215 0 138.974774090964 0 NaN 0 132.070553303854 0 0 0 NaN 0 153.627599511125 NaN 112.744015052442 136.544426201057 125.090248451083 0 0 131.961711714565 150.12499999725 0 0 0 0 0 109.600605522683 132.961538457692 0 0 NaN 0 0 0 98.3238425925463 0 0 0 0 0 0 NaN
NaN NaN NaN NaN NaN NaN NaN NaN NaN NaN NaN NaN NaN NaN NaN 146.214285714286 NaN NaN 175.843317968356 NaN NaN NaN 180.513565886822 NaN NaN 143.416666666667 150.635714285714 0 NaN NaN NaN NaN NaN NaN NaN NaN NaN NaN 101.083333333333 109.475637184408 116.5 NaN NaN 168 0 NaN NaN NaN 0 0 0 0 0 0 106.116738149448 0 149.942901233333 87.0056081778796 0 NaN 145.412025621658 0 0 0 NaN 0 168.112504506767 NaN 125.772668103673 150.498996787018 140.287406025793 0 0 130.51875 102.4375 0 0 0 0 0 0 120.40294117451 0 0 92.3318627498693 0 0 0 0 0 0 0 0 0 0 NaN
NaN NaN NaN NaN NaN NaN NaN NaN NaN NaN NaN NaN NaN NaN NaN NaN NaN NaN 0 NaN NaN 148.60620155155 0 NaN NaN 0 115.548509366433 NaN NaN NaN NaN NaN 145.206924435569 136.338031760533 NaN 147.478996451763 NaN NaN NaN NaN NaN NaN 0 NaN NaN NaN NaN NaN 0 0 0 123.382174413486 101.643667688357 115.8 0 138.10001557141 0 0 132.070553303854 145.412025621658 NaN 0 NaN 0 NaN 141.9982780074 0 NaN 0 0 0 168 0 0 0 NaN NaN NaN NaN NaN 0 NaN NaN 0 NaN NaN NaN NaN NaN 107.443582082493 91.3290816317857 94.4133661198476 168.25 89.6109118014341 92.2159090909091 NaN
NaN NaN NaN NaN NaN NaN NaN NaN NaN 131.020833333333 NaN NaN NaN NaN NaN 129.467424240152 NaN NaN 106.389856048258 NaN 143.5 155.125 114.53985879543 NaN NaN 0 122.041666669298 NaN NaN NaN NaN NaN 137.166666666667 121.709302319601 NaN 157.416666666667 NaN NaN NaN NaN NaN NaN 141.1 151.634615384615 NaN NaN NaN NaN 0 0 0 0 0 0 0 0 87.5170242800099 0 0 0 0 NaN NaN 0 NaN 0 97.136877191111 NaN 0 0 0 0 0 0 0 0 0 0 0 0 0 NaN 0 0 0 NaN 0 0 0 0 0 0 0 0 0 NaN
NaN NaN NaN 97.2083333314583 NaN 86.1909090912727 NaN 96.8179932757541 NaN NaN NaN NaN NaN NaN 92.9216705646847 NaN 0 NaN NaN 0 NaN NaN NaN 97.4155570757281 NaN NaN NaN 0 NaN NaN NaN NaN NaN NaN 109.52807204077 NaN NaN NaN 118.026950357943 130.1125 NaN NaN NaN NaN 0 NaN NaN 98.9843749996875 NaN NaN NaN 0 NaN 0 NaN 0 NaN NaN 0 0 NaN NaN NaN NaN 0 0 NaN 0 NaN NaN NaN 0 NaN NaN NaN 0 NaN NaN NaN NaN NaN NaN 0 NaN NaN NaN 0 0 NaN 0 91.4134615407692 NaN 0 0 NaN 0
134.267857142857 107.376629046291 120.6818181875 NaN NaN 140.875 123.714285714286 NaN NaN 95.8130649811791 NaN NaN NaN 102.944105208585 NaN 89.9300867588348 NaN NaN 0 NaN 100.230662655614 98.8143546157515 87.7023355654123 NaN 95.9453506952206 0 0 0 NaN 90.411264753139 97.9442847563217 0 98.6165774986763 87.8144678776761 NaN 107.294999999 97.0387931015517 NaN NaN 107.979865769631 113.953703705556 113.419236630998 0 0 90.9790575931114 106.429940599066 0 NaN 0 0 0 0 0 0 0 0 0 0 0 0 0 0 NaN NaN NaN 95.9774774767823 0 NaN 0 0 0 0 0 0 0 0 NaN 0 NaN 0 0 0 NaN 0 0 0 0 0 0 0 0 0 0 0 0 0
NaN NaN NaN 0 NaN 0 NaN 0 NaN NaN NaN NaN NaN NaN 0 NaN 0 NaN NaN 0 NaN NaN NaN 104.416666670625 NaN NaN NaN 0 NaN NaN NaN NaN NaN NaN 137.625 NaN NaN NaN NaN 170.875 NaN NaN NaN NaN 0 0 NaN 0 0 NaN 0 0 NaN 0 92.125 0 NaN NaN NaN NaN NaN NaN 0 NaN NaN 0 NaN 0 NaN NaN NaN 0 NaN NaN NaN 0 NaN NaN NaN NaN NaN NaN 0 NaN NaN NaN 86.25 NaN NaN 104 NaN NaN 0 0 NaN 0
NaN NaN NaN NaN NaN NaN NaN NaN NaN NaN NaN NaN NaN NaN NaN NaN 0 NaN 173.920673087019 NaN NaN NaN NaN NaN NaN NaN NaN 111.740384615192 NaN NaN NaN NaN NaN NaN NaN NaN NaN NaN NaN NaN NaN NaN NaN NaN 0 NaN NaN NaN 0 96.2958954144387 0 0 0 NaN 125.908130454735 0 147.455882352941 0 0 0 141.9982780074 0 0 95.9774774767823 0 NaN 165.532575988829 0 122.026191308806 152.447062844365 137.017070398633 0 115.25 NaN 102.5 0 NaN 92.5833333374359 NaN 0 115.513513513243 107.642857142857 0 113.597222222222 114.374999995 0 0 0 0 0 0 87.99999999975 0 0 0 NaN
NaN NaN NaN NaN NaN NaN 175.276923080769 NaN NaN 144.051470588235 NaN NaN NaN NaN NaN 132.183896389595 NaN NaN 0 NaN 144.438571424571 148.926312023335 0 NaN NaN 0 110.725228894938 NaN NaN NaN NaN NaN 145.043606300475 137.237835987504 NaN 148.224456286335 146.25 NaN NaN NaN NaN NaN 88.0036346926566 131.21875 NaN NaN NaN NaN 86.9690792238533 89.1527928499252 107.227611878399 146.829227056672 124.284185641455 135.625 0 163.351914997133 0 0 153.627599511125 168.112504506767 0 97.136877191111 NaN 0 NaN 165.532575988829 NaN NaN 0 0 0 182.75 86.97916666625 0 0 NaN NaN NaN NaN NaN 0 0 NaN 0 0 NaN NaN NaN NaN 103.633579853946 0 96.0964559242226 NaN 96.8276043034596 106.803571429082 NaN
NaN NaN NaN 0 NaN 0 NaN 87.0721746836437 NaN NaN NaN 111.1875 NaN NaN 0 NaN 0 NaN NaN 0 NaN NaN NaN 0 NaN NaN NaN 0 NaN NaN NaN NaN NaN NaN 90.6743583429995 NaN NaN NaN 92.5665349144415 95.4740816333782 NaN 114.220238097619 0 NaN 0 107.158333328333 NaN 0 NaN NaN NaN 0 NaN 0 NaN 0 NaN NaN NaN NaN NaN NaN 0 NaN 0 0 NaN NaN NaN NaN NaN 0 NaN NaN 0 0 NaN NaN NaN 0 NaN 94.193750000625 0 NaN NaN NaN 0 0 NaN 0 0 NaN 0 0 0 0
NaN NaN NaN NaN NaN NaN NaN NaN NaN NaN NaN NaN NaN NaN NaN 131.972222222222 NaN NaN 0 NaN NaN 150.944497610383 0 NaN NaN 0 117.173611111111 NaN NaN NaN NaN NaN 144.809782615415 138.09340658956 NaN 148.61210316369 NaN NaN NaN NaN NaN NaN 0 NaN NaN NaN NaN NaN 0 0 0 102.696385970314 0 98.7604529618641 0 119.295035663476 0 0 112.744015052442 125.772668103673 0 0 NaN 0 NaN 122.026191308806 0 NaN NaN 0 0 NaN 91.625 0 0 NaN NaN NaN NaN NaN 0 0 NaN NaN NaN NaN NaN NaN NaN 110.491666661667 88.4999999997669 88.8594173430917 149.5 0 0 NaN
170.35 168.065625004 NaN NaN NaN NaN 156.461574954175 NaN 165.5 137.817465756712 NaN NaN NaN 173.895833333333 NaN 125.757159719192 NaN NaN 136.026056694306 NaN 131.17107842049 136.211655168423 104.528259122987 NaN 157.416666666667 0 96.0239426127573 NaN NaN NaN 130.5 NaN 130.427203505574 118.651768178875 NaN 134.587392991654 124.938995220215 NaN NaN NaN NaN 148.766025648718 0 127.67384105298 NaN 206.906249996094 NaN NaN 87.3471242369816 0 96.0520892110123 137.661931812841 110.211878306002 NaN 0 151.346846971687 0 0 136.544426201057 150.498996787018 0 0 NaN 0 NaN 152.447062844365 0 NaN 0 NaN 0 NaN 0 0 0 NaN NaN 0 NaN 0 0 0 NaN 0 0 87.9553571428571 0 NaN NaN 87.9020425774425 0 0 97.1136363634849 0 0 NaN
139.388888888889 109.830237045216 121.24999999878 NaN 193.583333333333 NaN 121.844166663083 NaN 134.8 86.3595780687641 NaN NaN 133.25 105.748886979493 NaN 0 NaN NaN 0 NaN 86.9604924615495 101.730265813182 0 NaN 98.0674870868562 0 0 NaN NaN NaN 99.5528554766026 NaN 100.759071623083 91.4020381758538 NaN 102.767293880345 NaN NaN NaN NaN NaN 110.490248031928 0 90.1547857019026 138.166666666667 104.389971878254 NaN NaN 0 0 0 111.870740307691 96.8193799891103 122.337499999 0 136.74945612883 0 0 125.090248451083 140.287406025793 0 0 NaN 0 NaN 137.017070398633 0 NaN 0 0 NaN NaN 0 0 0 NaN NaN NaN NaN NaN 0 0 NaN 0 0 NaN NaN NaN NaN 0 0 0 101 0 0 NaN
NaN NaN NaN 93.3192934816033 NaN 87.1650623885419 NaN 91.9370761389504 NaN NaN NaN NaN NaN NaN 98.4380135957911 NaN 0 99.2980769269231 NaN 0 NaN NaN NaN 88.8003850276072 NaN NaN 129.25 0 NaN NaN NaN NaN NaN NaN 95.4563272186284 NaN NaN NaN 100.068268493427 98.1207627142655 NaN 119 99 150.75 0 102.15 NaN 0 89.2333333333333 113.837171055263 0 0 0 0 119.732142857143 0 NaN 106.3124999875 0 0 168 0 0 0 0 0 182.75 0 NaN NaN NaN NaN NaN 125.1875 100.875 0 NaN 106.183760679915 NaN 89.3158736504598 0 NaN 0 NaN NaN 0 0 0 89.7477272699091 0 0 0 0 0 0 0
NaN 133.5625 NaN NaN NaN NaN NaN NaN NaN NaN NaN NaN NaN NaN NaN 125.239329268902 NaN NaN NaN NaN NaN NaN 110.92668269351 NaN 131.9999999875 0 97.7373563221724 NaN NaN NaN NaN 95.75 124.644230769231 113.432228921988 NaN NaN NaN NaN NaN NaN NaN NaN 146.5 127.716666666667 NaN NaN NaN NaN 89.5397878020822 0 0 NaN 0 NaN 0 NaN NaN 0 0 0 0 0 NaN 0 NaN 115.25 86.97916666625 NaN 91.625 0 0 NaN NaN 0 0 NaN 0 0 0 0 0 0 NaN 0 0 NaN 0 NaN 93.3164893616667 0 0 0 0 0 0 NaN
111.166666666667 0 100.716666666667 NaN NaN NaN 88.9358178045911 NaN NaN 93.4855323442563 NaN NaN NaN 0 NaN 0 NaN NaN 0 NaN 93.0828525616197 0 0 NaN 0 0 0 NaN NaN 0 0 0 0 0 NaN 0 0 NaN NaN NaN NaN 0 0 0 105.283333333167 0 NaN NaN 99.6611111123333 0 98.625 NaN NaN NaN 0 NaN 0 0 131.961711714565 130.51875 0 0 NaN 0 NaN NaN 0 NaN 0 0 0 125.1875 0 NaN 0 0 NaN 0 NaN NaN 0 0 NaN 0 0 NaN NaN NaN NaN 0 0 0 0 0 0 NaN
138.375 103.558722528626 101.208333333333 NaN NaN NaN 133.5250000025 NaN 135.375 114.777777777778 NaN NaN NaN 87.7635869565761 NaN 0 NaN NaN 100.920028515301 152.125 NaN 99.0969449738709 0 NaN 0 0 0 0 NaN 0 NaN 0 96.2277622144991 0 NaN 96.1064608941923 0 NaN NaN 0 0 87.676249999 0 0 0 0 NaN NaN 0 0 NaN NaN NaN NaN 0 NaN 0 0 150.12499999725 102.4375 0 0 NaN 0 NaN 102.5 0 0 0 0 0 100.875 0 0 NaN 0 NaN 0 NaN 0 0 0 0 0 0 NaN 0 0 0 0 0 0 0 0 0 NaN
NaN NaN 100.000000002941 NaN NaN NaN NaN 95.1333333366667 NaN NaN NaN 87.6111111111111 NaN NaN 0 NaN 0 NaN NaN 0 NaN NaN NaN 0 NaN 0 0 0 NaN 0 NaN 0 NaN 0 0 NaN 0 NaN 0 0 0 0 0 0 0 0 0 0 NaN NaN 0 0 NaN 0 NaN 0 NaN NaN 0 0 NaN 0 0 0 0 0 NaN 0 NaN NaN NaN 0 NaN 0 0 NaN NaN 0 NaN 0 NaN 0 0 0 0 NaN 0 0 0 0 0 0 0 0 0 0
NaN NaN NaN NaN NaN NaN NaN NaN NaN NaN NaN NaN NaN NaN NaN NaN NaN NaN NaN NaN NaN NaN NaN NaN NaN NaN NaN NaN NaN NaN NaN NaN NaN NaN NaN NaN NaN NaN NaN NaN NaN NaN NaN NaN NaN NaN NaN NaN NaN 0 NaN NaN 0 NaN 87.9294364405245 NaN NaN NaN 0 0 NaN 0 NaN NaN NaN NaN NaN NaN NaN NaN NaN NaN 0 NaN NaN NaN NaN 0 0 0 0 NaN 0 0 0 NaN 0 0 0 NaN NaN NaN 0 0 NaN NaN
NaN NaN NaN NaN NaN NaN NaN NaN NaN NaN NaN NaN NaN NaN NaN 96.7106481475926 NaN NaN NaN NaN NaN NaN 105.25 NaN NaN NaN 0 0 NaN 91.0515052712102 NaN 0 NaN 89.9768759048517 NaN NaN 102.779458599363 NaN NaN NaN NaN 91.4016203668982 0 86.1383093526229 0 NaN NaN NaN 128.28125 0 0 NaN 0 0 0 127.65 NaN 0 0 0 NaN 0 NaN 0 NaN 92.5833333374359 NaN NaN NaN 0 NaN 106.183760679915 0 0 0 0 0 NaN 0 0 0 0 102.565972222222 0 0 0 0 0 0 0 0 0 0 0 0 NaN
NaN NaN NaN NaN NaN NaN NaN NaN NaN NaN NaN NaN NaN NaN NaN NaN NaN NaN NaN NaN NaN NaN NaN NaN NaN NaN NaN NaN NaN NaN NaN NaN NaN NaN NaN NaN NaN NaN NaN NaN NaN NaN NaN NaN NaN NaN NaN NaN 88.5 0 NaN NaN 0 NaN 0 NaN NaN NaN 0 0 NaN 0 NaN NaN NaN NaN NaN NaN NaN NaN NaN NaN 0 NaN NaN NaN 0 0 NaN 0 0 NaN NaN 0 NaN NaN NaN NaN NaN NaN NaN NaN NaN 0 0 NaN
NaN NaN NaN NaN NaN NaN NaN NaN NaN NaN NaN NaN NaN NaN NaN NaN NaN NaN NaN NaN NaN NaN NaN NaN NaN NaN 0 0 NaN 0 NaN 0 NaN 0 NaN NaN 92.0347985356593 NaN NaN 95.7012362646605 100.123299321667 90.1937229430087 0 0 0 NaN NaN NaN 133.367500002 0 0 NaN 0 0 0 120.197916664583 NaN 0 0 0 NaN 0 NaN 0 NaN 0 NaN 0 NaN 0 NaN 89.3158736504598 0 NaN 0 0 0 0 0 NaN 0 0 101.034722222528 0 0 0 0 0 0 0 0 0 0 0 0 NaN
NaN 138.571241253934 141.5625 NaN NaN NaN 140.629761902381 NaN NaN 117.998355259868 NaN NaN NaN 140.999999995833 NaN 112.772449555941 NaN NaN 129.102272729545 NaN 109.556159424638 121.321074719466 95.6332251962447 NaN 129.482954545455 0 0 NaN NaN NaN NaN NaN 116.479049500045 104.082152661605 NaN 121.964908397225 109.2375 NaN NaN NaN NaN 142.264367818391 101.328651683146 120.523684208947 NaN NaN NaN NaN 87.7005887552391 0 90.431818180974 135.839285719643 109.885401539446 NaN 0 152.584236186024 0 0 109.600605522683 0 0 0 NaN 0 NaN 115.513513513243 0 NaN 0 0 0 0 0 0 0 NaN 0 0 0 0 NaN 0 NaN 0 0 0 0 98 94.5277777777778 0 0 0 90.4246411487013 0 0 NaN
NaN 111.691358012963 NaN NaN NaN NaN NaN NaN NaN NaN NaN NaN NaN 119.659482762069 NaN 89.1220704729685 NaN NaN 130.659722222222 NaN 112 121.785849566585 0 NaN 100.021724598797 0 0 0 NaN 0 NaN 0 111.144655177207 0 NaN 111.201231776516 97.3772944408713 NaN NaN 109.105769230769 NaN NaN 0 87.6371942695374 106.985576922981 105.863095238095 NaN NaN 109.2500000005 0 NaN NaN NaN NaN 0 124.75 NaN 0 132.961538457692 120.40294117451 NaN NaN NaN 0 NaN 107.642857142857 0 94.193750000625 0 0 0 NaN 0 0 0 0 NaN 0 NaN 0 0 NaN 91.7083333333333 0 0 NaN 0 0 0 0 0 0 0 0 0 NaN
NaN NaN NaN 107.5 NaN 113.625 NaN 88.0992008681186 NaN NaN NaN 107.8125 NaN NaN 105.247482776698 NaN 106.8750000005 NaN NaN 87.71145098047 NaN NaN NaN 86.2954315265314 NaN NaN NaN 0 NaN NaN NaN 145.625 NaN NaN 94.2544672089026 NaN NaN NaN 92.5865298712163 90.1129077179538 NaN 114.140000002 NaN NaN 0 NaN NaN 0 NaN NaN 0 0 NaN 0 NaN 0 NaN NaN 0 0 NaN 0 0 NaN 0 0 NaN 0 NaN NaN NaN 0 NaN NaN 0 0 0 102.565972222222 NaN 101.034722222528 NaN 91.7083333333333 NaN NaN NaN NaN 0 0 0 0 0 NaN 0 0 0 0
NaN 143.467532469481 NaN NaN NaN NaN 163.25 NaN NaN NaN NaN NaN NaN 161.266666673333 NaN 106.459993359097 NaN NaN 141.0499999975 NaN NaN 131.911527559481 99.3421884878906 NaN 99.6964912312281 0 0 0 NaN 91.834164852829 NaN 0 127.996608955051 101.441377539769 NaN 129.80434999595 106.208737862913 NaN NaN NaN NaN NaN 0 91.26563670403 113.270833333333 NaN NaN NaN 109.255952378571 0 86.0625000003846 NaN 0 NaN 0 147.583333333333 NaN 0 0 0 0 0 NaN 0 NaN 113.597222222222 0 NaN NaN 0 0 NaN 0 0 0 0 0 0 0 0 0 0 NaN NaN 0 0 0 104.64375 0 0 0 0 0 0 0 NaN
NaN NaN NaN NaN NaN NaN NaN NaN NaN 102.5625 NaN NaN NaN 127.6875 NaN 101.194325774392 NaN NaN NaN NaN NaN NaN 91.7630952390714 NaN 116.090909093182 0 0 0 NaN 92.4534984409725 NaN 0 NaN 90.974815596434 NaN 108.697916666667 103.453088575466 NaN NaN NaN NaN NaN 91.36810247817 96.3215098440881 NaN NaN NaN NaN 121.538461538462 0 NaN NaN NaN NaN 0 125 NaN 0 NaN 92.3318627498693 NaN 0 NaN 0 NaN 114.374999995 0 NaN NaN 0 0 NaN 0 0 0 0 0 0 NaN 0 0 0 NaN 0 NaN 0 0 0 0 0 0 0 0 0 0 NaN
NaN NaN NaN NaN NaN NaN NaN NaN NaN NaN NaN NaN NaN NaN NaN NaN NaN NaN NaN NaN NaN NaN NaN NaN NaN NaN NaN NaN NaN NaN NaN NaN NaN NaN NaN NaN NaN NaN NaN NaN NaN NaN NaN NaN NaN NaN NaN NaN NaN 92.1984782595022 NaN NaN NaN NaN 94.5860557225088 0 NaN 118.208333333333 0 0 NaN NaN NaN 0 NaN 0 NaN NaN NaN 87.9553571428571 NaN 0 NaN NaN NaN NaN NaN 0 NaN 0 0 NaN NaN 0 0 NaN 0 0 0 0 NaN NaN 0 0 0 NaN
NaN NaN NaN NaN NaN NaN NaN NaN NaN NaN NaN NaN NaN NaN NaN NaN 93.625 NaN NaN 104.022727272727 NaN NaN NaN 90.1280364371053 NaN NaN NaN 0 NaN NaN NaN NaN NaN NaN 88.6832579177873 NaN NaN NaN 0 0 0 107.950000005 0 NaN 0 0 NaN 0 NaN 0 0 0 NaN 0 88.8805923767846 0 NaN 0 0 0 NaN 0 0 0 86.25 0 NaN 0 NaN 0 NaN 0 0 NaN 0 0 0 0 NaN 0 0 0 0 0 0 0 NaN 0 0 0 0 NaN 0 0 0 0
NaN NaN 111.625000000862 NaN NaN NaN NaN NaN NaN NaN NaN NaN NaN NaN 133.75 NaN NaN NaN NaN 107.074951642398 NaN NaN NaN 95.0316731972015 NaN NaN 0 0 NaN NaN NaN 88.5691433307468 NaN NaN 93.5317219671516 NaN NaN NaN 87.5046172228531 0 88.1521311386543 107.218085105319 0 NaN 0 88.918063584396 NaN 0 NaN NaN 0 0 NaN NaN NaN 0 NaN NaN 0 0 NaN 0 0 0 NaN 0 NaN 0 NaN NaN NaN 0 NaN NaN 0 0 0 0 NaN 0 98 0 0 104.64375 0 0 0 NaN 0 0 0 0 0 0 0 0
NaN NaN 109 NaN NaN NaN NaN NaN NaN NaN NaN NaN NaN NaN NaN NaN NaN NaN NaN NaN NaN NaN NaN NaN NaN NaN 0 0 NaN NaN NaN 97.1042061999273 NaN NaN 96.6666666666667 NaN NaN NaN 88.4946741859716 86.9628354913133 91.9325510197449 NaN 0 NaN 0 87.4999999995833 127.375 NaN NaN 108.247061965385 0 NaN NaN NaN 119.194444441667 103.750000005556 NaN 0 98.3238425925463 0 NaN 0 NaN 0 NaN 0 NaN NaN NaN NaN NaN 89.7477272699091 93.3164893616667 NaN 0 0 0 0 NaN 0 94.5277777777778 0 0 0 0 0 0 0 NaN 0 0 0 0 0 0 NaN
NaN 132.077814574834 0 NaN NaN 0 108.75 NaN NaN NaN NaN 0 NaN 92.3463302821101 NaN 0 109.25 NaN 216 140.6875 NaN 138.875 116.466078434069 NaN 113.097275187579 0 0 0 0 92.2995121104503 122.76818182 91.7557235903794 114.48958333125 104.526855694222 NaN 96.2635869564324 96.98477815498 NaN NaN 100.339864864595 100.583333333333 0 92.4619436012087 0 0 0 0 0 0 0 0 0 90.8938888908889 0 0 0 96.4670329708791 0 0 0 107.443582082493 0 0 0 104 0 103.633579853946 0 110.491666661667 87.9020425774425 0 0 0 0 0 0 NaN 0 NaN 0 0 0 0 0 0 0 0 0 0 NaN 0 0 0 0 0 0
NaN 122.558673465204 NaN NaN NaN 0 NaN NaN NaN 97.0041666666667 0 0 NaN 111.216049380432 NaN 90.8774347714683 NaN NaN 117.642857139286 108.516666666611 95.375 NaN 88.3706171144039 0 98.060450821694 0 0 0 NaN 106.532963311853 104.349999999778 96.4660462132384 NaN 108.007171117337 0 107.416666666667 119.676470584314 NaN 0 0 NaN 0 0 0 0 0 0 0 0 0 0 0 90.7878787869697 0 0 0 0 0 0 0 91.3290816317857 0 91.4134615407692 0 NaN 0 0 0 88.4999999997669 0 0 0 0 0 0 0 NaN 0 NaN 0 0 0 0 0 0 NaN 0 0 0 0 NaN 0 0 0 0 0
NaN 111.398770346327 130.252976194048 NaN NaN 145.875 113.275 NaN NaN 114.807296466667 NaN NaN NaN 109.295299768447 NaN 99.0251426526729 NaN NaN 110.916666666667 NaN 112.24436936524 155.00368550774 101.462422972853 NaN 100.535940326881 0 0 0 NaN 86.2729565248948 102.212067749382 0 121.135365855163 87.4217942160421 NaN 105.287223634637 96.7500867899425 NaN NaN NaN NaN 110.490293161894 0 0 0 114.068879264208 NaN NaN 0 0 0 NaN 0 NaN 0 103.681818186364 86.2141304352174 0 0 0 94.4133661198476 0 NaN 0 NaN 87.99999999975 96.0964559242226 NaN 88.8594173430917 0 0 0 0 0 0 0 NaN 0 NaN 0 0 0 NaN 0 0 NaN NaN 0 0 0 0 NaN 0 0 0 0
NaN NaN NaN 0 NaN 0 NaN 0 NaN 146.25 NaN 0 NaN NaN 0 131.87244539105 0 0 NaN 0 NaN NaN 140.422619047619 0 136.006578946053 93.7906162451354 0 0 NaN 110.993488024102 NaN 0 NaN 117.828923348107 0 142.5 127.23252688172 NaN 0 0 0 0 0 118.978935699372 0 0 0 0 123.9875 88.485839507242 0 0 0 0 95.7892632509551 0 NaN 0 0 0 168.25 0 0 0 0 0 NaN 0 149.5 97.1136363634849 101 0 0 0 0 0 0 0 NaN 0 90.4246411487013 0 0 0 0 0 0 0 0 0 0 0 NaN 0 0 0
NaN 136.852339176023 135.8125 NaN NaN 91.5916666666667 NaN 139.75 NaN 122.111453207389 NaN NaN NaN 136.260416666667 NaN 122.417284073007 90.5 NaN 117.868520389841 121.090277772222 145.964285721429 155.213293650794 112.065414876137 NaN 131.628352490038 0 93.0354923474569 0 NaN 121.616666666667 132.525 NaN 136.276666662667 120.565819070972 NaN 151.455357136607 NaN NaN 104.916666666515 87.8241689430493 89.2856104646512 148.767857144048 129.755963898214 127.058712123737 0 126.052631580263 NaN 0 0 0 0 0 0 0 0 0 0 0 0 0 89.6109118014341 0 0 0 0 0 96.8276043034596 0 0 0 0 0 0 0 0 0 0 0 0 0 0 0 0 0 0 0 0 0 0 0 0 0 0 NaN 0 0
NaN 137.8 NaN NaN NaN 0 NaN NaN NaN 121.666666661111 NaN NaN NaN NaN NaN 123.30688397996 NaN NaN NaN NaN NaN 139.854166670833 111.310893221374 NaN 131.742424237879 0 102.855978258804 0 NaN NaN NaN NaN 134.258333333333 123.678571427679 NaN 142.291666675 NaN NaN NaN NaN 95.75 150.25 123.2375 130.283333329167 0 126.483333333333 NaN NaN 0 0 0 0 87.4230769234615 0 0 0 NaN 0 0 0 92.2159090909091 0 NaN 0 NaN 0 106.803571429082 0 0 0 0 0 0 0 0 0 NaN 0 0 0 0 0 0 0 0 0 0 0 0 0 0 0 0 0 NaN 0
NaN NaN NaN 0 NaN 0 NaN 0 NaN NaN NaN 0 NaN NaN 0 NaN 0 0 NaN 0 NaN NaN NaN 0 NaN NaN NaN 0 NaN NaN NaN NaN NaN NaN 0 NaN NaN NaN NaN NaN NaN 0 0 NaN 0 0 NaN 0 0 NaN 0 0 NaN 0 NaN 0 NaN NaN NaN NaN NaN NaN 0 0 0 NaN NaN 0 NaN NaN NaN 0 NaN NaN NaN 0 NaN NaN NaN NaN NaN NaN 0 NaN NaN NaN 0 0 NaN 0 0 0 0 0 0 NaN
